1 0
1 1
1 2
1 4
1 5
1 7
0
1 8
4 9 10 11 12
0
7 33 34 35 36 37 39 40
19 14 15 16 17 18 19 20 21 22 23 24 25 26 27 28 29 30 31 32
1 41
3 42 43 44
1 45
1 47
3 48 49 50
259 51 52 53 54 55 56 57 59 60 61 63 64 65 66 67 68 69 71 72 73 74 75 76 77 78 79 80 81 82 84 85 86 88 89 90 91 93 94 95 96 97 99 100 102 103 104 105 106 107 108 111 112 113 114 115 116 117 118 119 120 121 122 123 124 125 126 128 129 130 131 132 133 134 135 136 137 138 139 141 142 143 144 145 146 147 148 149 150 151 152 153 154 155 156 157 158 160 161 162 163 165 166 168 169 170 171 172 173 174 175 176 177 179 180 181 182 183 184 185 186 187 188 189 190 191 192 193 194 195 196 197 198 199 200 201 202 203 204 205 206 207 208 209 210 211 212 213 214 215 216 217 218 219 220 221 222 223 224 225 226 227 228 229 230 231 232 233 234 235 236 237 238 239 240 241 242 243 244 245 246 247 248 249 250 251 252 253 254 255 256 257 258 259 260 261 262 263 264 265 266 267 268 269 270 271 272 273 274 275 276 277 278 279 280 281 282 283 284 285 286 287 288 289 290 291 292 295 296 297 298 299 300 302 303 304 305 306 307 308 309 310 311 312 313 314 315 316 317 318 319 320 321 322 323 324 325 326 327 328
8 329 330 331 332 333 334 335 336
6 337 339 340 341 342 343
7 344 345 346 347 348 349 350
3 351 352 354
1 355
1 356
1 357
1 361
3 358 359 360
1 362
1 363
1 364
1 442
60 366 368 369 370 371 373 374 375 376 377 378 379 380 381 382 384 385 386 387 388 389 390 391 392 393 394 396 398 400 401 402 404 405 406 408 410 412 413 414 416 417 418 419 420 423 424 425 427 428 429 430 431 434 435 436 437 438 439 440 441
8 443 444 446 447 448 449 450 452
11 454 455 456 457 458 459 460 461 462 463 464
2 465 466
5 467 468 469 470 471
8 472 473 474 475 477 478 479 480
43 481 483 484 486 487 488 489 490 491 492 493 494 495 496 497 498 499 500 501 502 503 504 506 507 509 510 511 512 513 514 515 516 517 518 519 520 521 523 525 526 527 528 529
7 530 531 532 533 534 535 536
7 537 538 539 540 541 542 545
1 546
4 547 548 549 550
12 551 552 553 554 555 557 558 560 561 562 565 566
3 568 569 570
145 571 572 573 574 575 576 577 578 579 580 581 582 583 584 585 586 587 588 589 590 591 592 593 594 595 596 597 598 599 600 601 602 603 604 605 606 607 608 610 611 612 614 616 617 618 619 620 622 623 624 625 626 627 628 629 630 631 632 633 634 635 637 640 641 642 643 644 645 646 647 648 649 650 651 652 653 654 656 657 658 659 660 661 662 663 664 665 666 667 668 669 671 672 673 674 675 676 677 678 679 680 682 683 684 685 686 687 688 689 690 691 692 693 694 695 697 698 699 700 701 702 703 704 705 706 707 708 709 710 712 713 714 715 716 717 718 719 720 721 722 723 724 725 726 727
0
2 786 787
52 728 731 732 733 735 736 737 738 739 740 742 743 744 745 746 747 748 749 750 751 752 753 755 756 757 758 760 761 762 763 764 765 766 767 768 769 770 771 772 773 774 775 776 777 778 779 780 781 782 783 784 785
3 789 791 792
13 863 867 868 869 870 871 872 874 875 876 877 878 880
62 711 794 795 796 797 798 799 800 801 802 803 804 805 806 807 808 809 810 811 812 813 814 815 816 817 818 819 820 821 822 823 825 826 828 831 832 833 834 835 836 837 838 839 840 841 842 843 844 845 846 847 849 850 852 854 855 856 857 858 859 860 862
19 881 882 883 884 885 886 887 888 889 890 891 892 893 894 895 897 898 899 900
18 901 902 903 904 905 906 907 908 909 910 911 912 913 914 915 916 917 918
2 923 924
3 919 920 921
107 931 932 933 934 935 936 937 938 939 940 941 942 943 944 945 946 947 949 950 951 952 953 954 955 956 957 958 959 960 962 963 964 965 966 967 968 969 970 971 972 973 974 975 976 977 978 979 980 981 982 983 984 985 986 987 988 989 990 991 992 993 994 995 996 997 998 999 1000 1001 1002 1003 1004 1005 1006 1007 1008 1009 1010 1011 1012 1013 1014 1015 1016 1017 1018 1019 1020 1021 1022 1023 1024 1026 1027 1028 1029 1030 1033 1034 1035 1036 1037 1038 1039 1040 1041 1042
1 1058
1 1059
5 925 926 927 928 929
13 1044 1045 1046 1047 1048 1049 1050 1051 1052 1053 1054 1056 1057
1 1060
2 1061 1062
1 1063
0
26 1065 1066 1067 1068 1069 1070 1071 1072 1073 1074 1075 1076 1077 1079 1080 1081 1082 1083 1085 1086 1087 1088 1090 1091 1092 1093
58 1094 1095 1097 1098 1099 1100 1101 1102 1103 1104 1105 1106 1107 1108 1109 1110 1111 1112 1113 1114 1115 1116 1117 1118 1119 1120 1121 1122 1123 1124 1125 1126 1127 1128 1129 1130 1131 1132 1133 1134 1135 1136 1137 1138 1139 1141 1142 1143 1144 1146 1147 1148 1149 1150 1151 1152 1154 1155
1 1156
2 1159 1160
1 1158
2 1161 1162
1 1163
4 1164 1165 1166 1167
0
1 1169
66 1170 1171 1172 1173 1174 1175 1176 1177 1178 1179 1180 1181 1182 1183 1184 1185 1187 1188 1189 1190 1191 1192 1193 1194 1195 1196 1197 1198 1199 1200 1201 1202 1204 1205 1206 1207 1208 1209 1210 1212 1213 1214 1215 1216 1217 1218 1219 1220 1221 1222 1223 1224 1225 1226 1227 1228 1229 1230 1231 1232 1233 1234 1235 1236 1237 1238
0
26 1246 1247 1248 1249 1250 1252 1253 1254 1256 1257 1258 1259 1260 1262 1263 1264 1266 1267 1268 1269 1270 1272 1273 1275 1276 1277
1 1239
4 1240 1242 1243 1244
1 1245
217 1279 1280 1281 1282 1283 1285 1286 1288 1289 1290 1291 1292 1293 1294 1295 1296 1297 1298 1299 1300 1301 1302 1303 1304 1305 1306 1307 1308 1309 1310 1311 1312 1313 1314 1315 1316 1317 1318 1320 1321 1322 1323 1324 1325 1326 1328 1329 1330 1331 1332 1333 1335 1337 1338 1339 1340 1341 1342 1343 1344 1345 1346 1347 1348 1349 1350 1351 1354 1355 1356 1357 1358 1359 1360 1361 1363 1364 1365 1366 1367 1369 1370 1371 1372 1373 1374 1375 1376 1377 1378 1379 1380 1381 1382 1383 1384 1385 1386 1387 1389 1390 1391 1392 1393 1394 1395 1396 1397 1398 1399 1401 1402 1404 1405 1406 1407 1408 1409 1410 1411 1412 1413 1414 1415 1416 1417 1418 1419 1420 1421 1422 1423 1424 1425 1426 1427 1428 1429 1430 1431 1432 1433 1434 1435 1436 1438 1439 1440 1441 1442 1443 1444 1445 1446 1447 1448 1449 1450 1451 1452 1453 1454 1455 1456 1457 1458 1459 1460 1461 1462 1463 1464 1465 1466 1467 1468 1469 1470 1471 1472 1473 1474 1475 1476 1477 1478 1479 1480 1481 1482 1483 1484 1485 1487 1488 1489 1490 1491 1492 1493 1494 1495 1496 1497 1498 1499 1500 1501 1503 1504 1505 1506 1507 1508 1509 1510 1511
1 1514
1 1515
2 1516 1517
1 1522
3 1519 1520 1521
11 1524 1525 1526 1527 1528 1529 1530 1531 1532 1533 1534
5 1535 1537 1538 1539 1540
3 1541 1542 1543
1 1544
5 1545 1546 1547 1548 1549
34 1550 1551 1552 1553 1554 1555 1556 1557 1558 1559 1560 1561 1562 1563 1565 1566 1567 1568 1569 1570 1571 1572 1573 1574 1576 1577 1578 1579 1580 1581 1582 1583 1584 1585
10 1586 1587 1588 1589 1590 1591 1592 1593 1594 1595
4 1596 1597 1598 1599
1 1603
3 1600 1601 1602
15 1604 1605 1606 1607 1609 1611 1612 1613 1614 1615 1616 1617 1618 1619 1620
3 1621 1622 1623
0
4 1626 1627 1628 1629
3 1630 1631 1632
7 1633 1634 1635 1636 1637 1638 1639
0
29 1640 1641 1642 1644 1645 1646 1647 1648 1649 1651 1652 1653 1654 1655 1656 1657 1658 1660 1661 1662 1663 1664 1665 1666 1667 1668 1669 1670 1671
8 1674 1675 1676 1677 1678 1680 1681 1682
9 1683 1685 1686 1687 1688 1689 1690 1691 1692
23 1694 1695 1696 1697 1698 1699 1700 1701 1702 1703 1704 1706 1707 1708 1710 1711 1712 1713 1714 1716 1717 1719 1720
36 1705 1737 1738 1739 1740 1741 1742 1744 1745 1746 1747 1748 1749 1750 1751 1752 1754 1755 1756 1757 1758 1759 1760 1761 1762 1763 1764 1765 1766 1767 1768 1769 1770 1771 1772 1773
22 1774 1775 1776 1777 1778 1779 1780 1781 1782 1783 1785 1786 1787 1788 1789 1790 1791 1792 1793 1794 1796 1797
15 1721 1722 1723 1724 1725 1726 1727 1728 1729 1730 1731 1732 1733 1734 1735
0
1 1798
3 1799 1801 1802
3 1803 1804 1806
1 1807
23 1808 1809 1810 1811 1812 1813 1814 1815 1816 1817 1818 1819 1820 1821 1822 1823 1824 1825 1826 1827 1828 1829 1830
0
1 1872
0
2 1876 1877
28 1832 1833 1835 1836 1837 1839 1840 1841 1842 1843 1844 1845 1846 1847 1848 1849 1850 1852 1853 1854 1855 1856 1859 1861 1862 1863 1864 1865
5 1878 1879 1880 1881 1882
2 1873 1874
1 1871
1 1875
3 1883 1885 1886
9 1887 1888 1889 1890 1891 1892 1893 1894 1895
0
1 1905
1 1896
4 1897 1899 1900 1901
1 1906
1 1907
2 1902 1904
1 1908
1 1909
7 1913 1918 1919 1920 1921 1922 1923
1 1961
2 1910 1911
2 1930 1931
2 1912 1914
2 1932 1933
3 1934 1935 1937
1 1962
0
2 1924 1925
3 1926 1928 1929
0
0
1 1964
1 1966
3 1915 1916 1917
0
1 1963
3 2043 2044 2045
1 1960
4 1969 1970 1972 1973
57 1975 1976 1977 1978 1979 1980 1981 1982 1983 1984 1985 1987 1989 1990 1991 1992 1993 1994 1996 1998 1999 2000 2001 2002 2003 2004 2005 2006 2007 2009 2010 2011 2012 2014 2015 2016 2018 2019 2020 2021 2022 2023 2024 2025 2026 2028 2029 2030 2031 2032 2034 2035 2037 2038 2039 2040 2041
1 1957
0
15 1938 1939 1940 1941 1943 1944 1945 1949 1950 1952 1953 1954 1955 1956 1959
0
1 2150
1 2185
1 2052
18 2114 2115 2116 2117 2118 2120 2121 2122 2123 2124 2125 2126 2127 2128 2129 2130 2131 2132
1 2113
4 2133 2134 2135 2137
14 2173 2234 2237 2238 2239 2240 2241 2242 2244 2245 2247 2248 2249 2250
2 2152 2154
1 2069
1 2059
0
1 2070
1 2151
1 2406
1 2459
25 2153 2274 2277 2432 2433 2434 2435 2436 2439 2440 2441 2442 2443 2444 2445 2446 2447 2448 2449 2452 2453 2454 2455 2456 2457
20 2193 2195 2196 2197 2198 2201 2202 2203 2204 2205 2206 2207 2208 2210 2211 2212 2213 2214 2215 2216
36 2299 2300 2301 2302 2303 2304 2305 2306 2307 2308 2309 2310 2312 2313 2314 2315 2316 2317 2318 2319 2321 2322 2323 2324 2325 2326 2327 2328 2329 2330 2331 2332 2333 2334 2335 2336
1 2431
19 2051 2082 2083 2084 2085 2086 2087 2088 2089 2092 2093 2094 2095 2096 2097 2098 2099 2100 2101
0
6 2053 2054 2055 2056 2057 2058
18 2246 2261 2263 2264 2265 2266 2267 2268 2269 2270 2271 2272 2273 2275 2276 2278 2280 2281
4 2046 2047 2048 2049
11 2138 2139 2140 2141 2142 2143 2144 2145 2146 2147 2148
5 2187 2188 2189 2190 2192
1 2232
22 2409 2410 2411 2412 2413 2414 2415 2416 2417 2418 2419 2420 2421 2422 2423 2424 2425 2426 2427 2428 2429 2430
1 2149
2 2404 2405
27 2155 2156 2158 2159 2160 2161 2162 2163 2164 2165 2166 2167 2168 2169 2170 2171 2172 2174 2175 2176 2177 2179 2180 2181 2182 2183 2184
15 2200 2209 2217 2218 2219 2220 2221 2222 2223 2224 2225 2226 2227 2228 2229
2 2230 2231
7 2060 2061 2063 2064 2065 2066 2067
11 2102 2103 2104 2105 2106 2107 2108 2109 2110 2111 2112
3 2071 2072 2073
15 2473 2474 2475 2476 2477 2478 2479 2480 2481 2482 2485 2486 2487 2489 2490
1 2519
0
14 2389 2390 2391 2392 2393 2394 2395 2397 2398 2399 2400 2401 2402 2403
6 2074 2075 2077 2078 2079 2080
0
2 2259 2260
1 2496
19 2497 2498 2499 2500 2501 2502 2503 2505 2507 2508 2509 2510 2511 2512 2513 2514 2515 2516 2517
4 2491 2492 2493 2494
9 2460 2461 2462 2463 2464 2466 2469 2470 2472
2 2520 2521
1 2518
50 2119 2337 2338 2339 2340 2341 2342 2343 2344 2345 2346 2347 2348 2349 2350 2352 2353 2354 2356 2357 2358 2359 2360 2361 2362 2364 2365 2366 2367 2368 2369 2370 2371 2372 2373 2374 2375 2376 2377 2378 2379 2380 2381 2382 2383 2384 2385 2386 2387 2388
1 2458
6 2251 2253 2254 2255 2256 2258
1 2495
15 2282 2283 2284 2285 2286 2287 2288 2289 2290 2291 2293 2294 2295 2296 2297
1 2522
6 2530 2531 2532 2533 2534 2535
2 2527 2528
1 2543
1 2523
1 2542
2 2536 2537
1 2529
2 2540 2541
2 2525 2526
1 2524
3 2551 2552 2553
2 2544 2545
3 2555 2556 2557
4 2546 2548 2549 2550
1 2558
5 2592 2593 2594 2595 2596
1 2560
1 2559
13 2575 2577 2578 2579 2580 2581 2583 2584 2585 2586 2587 2588 2589
0
1 2606
0
2 2572 2573
1 2620
2 2610 2611
1 2591
1 2571
1 2603
3 2562 2563 2564
2 2605 2618
1 2619
0
1 2598
2 2645 2646
2 2643 2644
3 2612 2613 2614
4 2639 2640 2641 2642
14 2621 2622 2623 2624 2625 2626 2627 2628 2630 2632 2634 2636 2637 2638
1 2599
0
4 2567 2568 2569 2570
1 2650
4 2601 2607 2608 2609
2 2656 2659
3 2681 2682 2683
0
1 2597
9 2590 2661 2662 2664 2665 2666 2667 2668 2670
3 2647 2648 2649
1 2616
2 2773 2774
8 2671 2672 2674 2675 2676 2677 2678 2679
1 2779
1 2772
2 2565 2566
0
4 2651 2653 2654 2655
1 2777
0
1 2775
1 2770
1 2776
1 2781
1 2780
0
1 2778
78 2686 2687 2688 2689 2691 2692 2693 2694 2695 2696 2697 2698 2699 2700 2701 2702 2703 2704 2705 2707 2709 2710 2711 2713 2714 2715 2717 2718 2719 2720 2721 2722 2723 2724 2725 2726 2727 2728 2729 2730 2731 2732 2733 2735 2736 2737 2738 2739 2740 2741 2742 2743 2744 2745 2746 2747 2748 2749 2750 2751 2752 2753 2754 2755 2756 2757 2758 2759 2760 2761 2762 2763 2764 2765 2766 2767 2768 2769
1 2782
1 2658
1 2771
3 2783 2784 2785
66 2786 2787 2788 2789 2790 2791 2792 2793 2794 2795 2796 2797 2798 2799 2800 2801 2802 2803 2804 2805 2806 2807 2808 2809 2810 2811 2812 2813 2814 2815 2816 2817 2818 2819 2820 2821 2822 2823 2824 2825 2826 2827 2828 2829 2830 2831 2832 2833 2834 2835 2836 2837 2838 2839 2840 2841 2842 2843 2844 2845 2846 2848 2849 2850 2851 2852
0
2 2853 2854
11 2857 2858 2859 2860 2861 2863 2864 2865 2866 2867 2868
113 2986 2987 2988 2989 2990 2991 2992 2993 2994 2995 2996 2997 2998 2999 3000 3001 3002 3003 3004 3005 3006 3007 3008 3009 3010 3011 3012 3013 3014 3015 3016 3017 3018 3019 3020 3021 3022 3023 3024 3025 3026 3027 3028 3029 3030 3031 3032 3033 3034 3035 3036 3038 3039 3040 3042 3043 3044 3045 3046 3047 3048 3049 3050 3051 3052 3053 3054 3055 3056 3057 3058 3059 3060 3061 3062 3063 3064 3065 3066 3067 3068 3070 3071 3072 3073 3074 3075 3076 3077 3078 3079 3080 3081 3082 3083 3084 3085 3086 3087 3088 3089 3090 3091 3092 3093 3094 3095 3096 3098 3099 3100 3101 3102
107 2869 2871 2872 2873 2874 2875 2876 2877 2878 2879 2880 2881 2882 2883 2884 2885 2886 2887 2888 2889 2890 2891 2892 2893 2894 2895 2896 2897 2898 2900 2901 2902 2903 2904 2905 2906 2907 2908 2909 2910 2911 2912 2913 2914 2915 2916 2917 2918 2919 2920 2921 2922 2923 2924 2925 2926 2927 2928 2929 2930 2931 2932 2933 2934 2935 2936 2937 2938 2939 2941 2943 2944 2945 2947 2948 2949 2950 2951 2952 2953 2954 2956 2957 2959 2960 2961 2962 2963 2964 2965 2966 2967 2968 2970 2971 2972 2974 2975 2976 2977 2979 2980 2981 2982 2983 2984 2985
4 3119 3120 3122 3124
133 1715 3105 3125 3126 3127 3128 3129 3130 3131 3132 3133 3134 3135 3136 3137 3138 3139 3140 3141 3142 3143 3144 3145 3146 3147 3148 3149 3150 3151 3152 3153 3154 3155 3156 3157 3158 3159 3160 3161 3162 3163 3164 3166 3168 3169 3170 3171 3172 3173 3174 3175 3176 3177 3179 3180 3181 3182 3183 3184 3185 3186 3187 3188 3189 3190 3191 3192 3194 3195 3196 3197 3198 3199 3200 3201 3202 3203 3205 3206 3207 3208 3209 3210 3211 3212 3213 3214 3215 3216 3217 3218 3219 3220 3221 3222 3224 3225 3227 3228 3229 3230 3231 3232 3233 3234 3235 3236 3237 3238 3239 3240 3241 3242 3243 3244 3245 3246 3249 3250 3251 3252 3253 3254 3255 3256 3258 3259 3260 3261 3262 3264 3265 3266
0
12 1693 3104 3106 3109 3110 3111 3112 3114 3115 3116 3117 3118
6 3268 3269 3270 3271 3272 3273
95 3178 3274 3275 3276 3277 3278 3279 3280 3281 3282 3283 3284 3285 3286 3287 3288 3289 3291 3292 3293 3294 3295 3296 3297 3298 3300 3301 3302 3303 3304 3305 3307 3308 3309 3310 3311 3312 3313 3314 3315 3316 3317 3318 3319 3320 3321 3322 3323 3324 3325 3326 3327 3328 3329 3330 3331 3332 3333 3334 3335 3336 3337 3338 3339 3340 3341 3342 3343 3344 3345 3346 3347 3348 3349 3350 3351 3352 3353 3354 3355 3356 3357 3358 3359 3360 3361 3362 3364 3365 3366 3367 3368 3369 3370 3371
1 3372
3 2669 3401 3402
1 3387
5 3388 3389 3390 3391 3392
1 3400
13 3373 3374 3375 3376 3377 3379 3380 3381 3382 3383 3384 3385 3386
2 3398 3399
5 3393 3394 3395 3396 3397
13 2856 3403 3404 3406 3407 3408 3410 3411 3412 3413 3414 3415 3416
1 3417
1 3419
0
1 3431
2 3433 3434
1 3436
11 3420 3421 3422 3423 3424 3425 3426 3427 3428 3429 3430
1 3461
4 3445 3452 3454 3455
1 3457
0
1 3459
1 3435
2 3437 3438
1 3432
6 3441 3442 3443 3444 3446 3447
1 3458
3 3448 3449 3450
1 3469
2 3439 3440
1 3456
1 3460
6 3462 3463 3464 3465 3466 3467
0
3 3555 3556 3557
2 3622 3623
1 3621
3 3470 3472 3473
32 2680 3562 3563 3564 3565 3566 3567 3568 3569 3570 3571 3572 3573 3574 3575 3576 3578 3579 3580 3581 3582 3583 3584 3585 3586 3587 3588 3589 3590 3591 3592 3595
2 3553 3554
5 3616 3617 3618 3619 3620
29 3475 3477 3478 3479 3480 3481 3483 3484 3485 3486 3487 3488 3489 3490 3491 3493 3494 3495 3496 3497 3498 3499 3500 3501 3502 3503 3504 3505 3506
43 3507 3508 3509 3510 3511 3512 3513 3514 3515 3516 3518 3519 3520 3521 3522 3523 3524 3525 3526 3527 3528 3529 3530 3531 3532 3533 3534 3535 3536 3537 3538 3539 3540 3541 3542 3544 3545 3546 3547 3548 3549 3550 3552
6 3597 3598 3599 3600 3601 3602
1 3561
1 3615
5 3610 3611 3612 3613 3614
6 3603 3604 3605 3606 3607 3609
2 3559 3560
1 3625
1 3693
4 3684 3685 3686 3687
4 3671 3672 3673 3674
2 3709 3711
1 3641
1 3796
4 3643 3644 3645 3646
1 3820
3 3677 3678 3679
0
0
4 3725 3726 3727 3729
1 3848
7 3712 3713 3715 3716 3717 3718 3719
3 3690 3691 3692
5 3666 3667 3668 3669 3670
4 3704 3705 3706 3707
14 3626 3627 3628 3629 3630 3631 3632 3633 3634 3635 3636 3637 3638 3639
3 3721 3722 3723
19 3762 3763 3764 3765 3766 3767 3768 3770 3772 3773 3774 3776 3777 3778 3779 3780 3781 3782 3783
4 3888 3889 3890 3892
1 3841
2 3688 3689
0
1 3928
13 3907 3908 3909 3910 3911 3912 3914 3915 3916 3917 3918 3919 3920
1 3843
1 3849
1 2236
2 421 3648
2 3821 3822
0
1 3929
3 3792 3793 3795
1 3730
12 3824 3825 3826 3827 3828 3829 3830 3831 3832 3833 3834 3835
11 3655 3656 3657 3658 3659 3660 3661 3662 3663 3664 3665
1 3947
13 3872 3874 3875 3876 3877 3878 3879 3881 3882 3884 3885 3886 3887
0
0
3 3650 3652 3653
2 3938 3939
1 3931
2 3788 3790
1 3681
2 3942 3943
5 3694 3697 3698 3701 3702
3 3932 3933 3934
0
1 3837
2 3944 3946
3 3949 3950 3951
1 3926
3 3845 3846 3847
12 3803 3805 3806 3807 3808 3809 3810 3811 3812 3813 3814 3815
0
1 3905
1 3640
5 3854 3855 3857 3860 3861
1 3930
1 3844
0
3 3893 3895 3896
1 3624
4 3816 3817 3818 3819
6 3797 3798 3799 3800 3801 3802
1 3937
5 3862 3863 3864 3865 3866
2 3682 3683
1 3935
22 3733 3734 3735 3736 3737 3738 3739 3740 3742 3743 3744 3748 3749 3750 3752 3753 3754 3755 3756 3757 3759 3761
0
4 3921 3922 3924 3925
2 3868 3870
11 3955 3956 3957 3959 3960 3961 3962 3963 3964 3965 3966
1 3853
1 3851
2 3785 3787
4 3899 3901 3902 3904
3 3838 3839 3840
3 3952 3953 3954
7 3967 3968 3969 3970 3971 3972 3973
1 3974
2 4019 4020
1 3981
0
0
4 3983 3984 3986 3987
1 4028
1 3979
20 3988 3989 3990 3991 3992 3993 3994 3995 3997 3998 3999 4001 4002 4003 4004 4005 4006 4007 4008 4009
1 4012
3 4021 4022 4023
4 4000 4013 4014 4015
2 4047 4048
1 4045
0
3 4056 4057 4058
1 4052
1 4032
1 4059
2 4053 4054
2 4049 4050
1 3980
2 4070 4071
2 4011 4016
1 4072
0
1 3898
1 1867
1 3976
0
10 4034 4035 4036 4037 4038 4039 4041 4042 4043 4044
0
0
1 4031
1 4060
1 4084
0
1 4113
1 4119
9 4094 4096 4097 4098 4099 4100 4101 4102 4103
1 4075
2 4029 4030
1 4106
2 4120 4121
1 4068
1 4055
2 4063 4064
0
0
0
0
1 4112
2 4025 4026
0
9 4085 4086 4087 4088 4089 4090 4091 4092 4093
1 4135
1 4018
0
1 4150
1 4083
0
7 4155 4157 4158 4159 4160 4161 4162
5 4077 4078 4079 4080 4081
4 4127 4128 4129 4130
1 4134
1 4133
1 4105
1 4132
1 4139
1 4138
1 4110
0
1 4124
1 4051
1 4154
1 4122
1 4136
1 4140
0
1 4076
1 4062
1 3978
1 4108
1 4067
2 4144 4145
1 3789
1 4114
1 4141
4 4146 4147 4148 4149
1 4123
1 4073
3 2708 4164 4165
1 4126
2 4152 4153
1 4151
1 4125
3 4116 4117 4118
1 4167
1 4166
1 4172
0
0
1 4182
2 4176 4177
4 4186 4187 4188 4189
2 4170 4171
1 4178
1 4168
3 4208 4209 4210
8 4195 4196 4197 4199 4200 4201 4202 4203
1 3418
2 4190 4191
1 4169
2 4173 4174
0
1 4214
0
2 4211 4213
3 4183 4184 4185
4 4175 4204 4205 4207
1 4180
2 4192 4193
0
0
2 4227 4228
3 4224 4225 4226
5 4218 4219 4220 4222 4223
4 4240 4241 4242 4243
1 4216
10 4229 4231 4232 4233 4234 4235 4236 4237 4238 4239
1 4244
1 4246
0
2 4250 4251
0
3 4252 4253 4254
0
0
2 4263 4264
1 4299
1 4292
1 4294
2 4281 4282
1 4278
1 4298
1 4247
1 4248
7 4331 4335 4336 4337 4338 4339 4340
3 4283 4284 4285
9 4311 4312 4313 4314 4315 4316 4317 4318 4320
2 4256 4257
2 4321 4322
0
0
1 4293
6 4300 4301 4302 4303 4304 4306
3 4307 4309 4310
8 4270 4271 4272 4273 4274 4275 4276 4277
1 4280
1 4291
0
2 4296 4297
2 4288 4290
1 4279
9 4354 4355 4356 4357 4359 4360 4363 4364 4365
8 4371 4372 4373 4374 4375 4376 4377 4378
3 4423 4424 4425
0
1 4343
5 4436 4437 4438 4439 4440
1 4435
11 4395 4396 4397 4398 4399 4400 4401 4402 4403 4404 4405
1 4450
1 4255
5 4408 4409 4410 4411 4412
4 4258 4259 4260 4262
1 4457
4 4419 4420 4421 4422
3 4265 4268 4269
1 4289
1 4366
1 4346
3 4505 4506 4507
0
3 4458 4460 4461
2 4406 4407
2 4502 4503
12 4379 4381 4382 4383 4384 4385 4387 4388 4389 4390 4391 4392
1 4367
3 4429 4430 4431
3 4488 4489 4490
4 4413 4414 4415 4416
0
2 4352 4353
2 4550 4551
1 4434
1 4462
4 4509 4510 4511 4514
9 4515 4516 4517 4518 4519 4520 4521 4522 4523
3 4368 4369 4370
2 4470 4471
2 4560 4561
2 4623 4624
1 4626
2 4393 4394
2 4344 4345
1 4596
9 4215 4533 4534 4535 4536 4538 4539 4540 4541
4 4347 4348 4349 4350
4 4463 4464 4466 4468
0
12 4583 4584 4585 4586 4587 4588 4589 4590 4591 4592 4594 4595
0
2 4432 4433
4 4629 4630 4631 4632
1 4663
3 4562 4563 4564
4 4542 4543 4544 4545
2 4648 4649
1 4625
7 4755 4756 4757 4758 4759 4760 4761
7 4633 4634 4635 4636 4637 4638 4639
2 4441 4443
6 4444 4445 4446 4447 4448 4449
1 4700
5 4643 4644 4645 4646 4647
12 4701 4703 4704 4705 4706 4707 4708 4709 4711 4712 4713 4714
2 4531 4532
3 4619 4621 4622
0
13 4720 4721 4722 4724 4725 4726 4727 4728 4729 4730 4731 4732 4733
2 3940 4719
4 4615 4616 4617 4618
1 4565
11 4650 4651 4653 4654 4655 4656 4657 4658 4659 4660 4662
11 4763 4764 4765 4766 4767 4768 4769 4770 4771 4772 4773
0
1 4843
0
1 4900
8 4325 4326 4327 4329 4330 4332 4333 4334
10 4683 4685 4686 4687 4688 4689 4690 4691 4692 4693
2 4898 4899
2 4841 4842
0
0
0
1 4895
2 4717 4718
1 4295
3 4737 4738 4740
2 4753 4754
1 4341
11 4670 4671 4672 4673 4674 4676 4678 4679 4680 4681 4682
3 1025 4802 4803
3 4748 4750 4752
1 4885
10 4571 4572 4573 4574 4575 4577 4578 4580 4581 4582
0
1 4746
14 4472 4473 4474 4475 4476 4478 4480 4481 4482 4483 4484 4485 4486 4487
2 4896 4897
6 4904 4905 4906 4907 4908 4909
3 4776 4805 4806
1 4781
2 4798 4799
5 4554 4555 4556 4558 4559
2 4774 4777
6 4451 4452 4453 4454 4455 4456
1 4469
33 4845 4846 4847 4848 4849 4852 4853 4854 4855 4856 4857 4858 4860 4861 4862 4863 4864 4865 4866 4868 4869 4870 4873 4874 4875 4876 4877 4878 4879 4880 4881 4882 4883
5 4664 4665 4666 4668 4669
2 4839 4840
3 4734 4735 4736
2 4902 4903
4 4566 4567 4568 4569
0
2 4552 4553
0
2 4323 4324
2 4640 4641
1 4894
2 4417 4418
5 4695 4696 4697 4698 4699
1 4546
15 4537 4675 4782 4783 4784 4786 4787 4788 4789 4792 4793 4794 4795 4796 4797
2 4427 4428
8 4491 4492 4493 4495 4496 4499 4500 4501
0
0
3 4807 4808 4809
2 4715 4716
6 4442 4741 4742 4743 4744 4745
4 4527 4528 4529 4530
15 4597 4598 4600 4601 4602 4603 4605 4606 4607 4608 4609 4610 4611 4612 4613
0
8 4886 4887 4888 4889 4890 4891 4892 4893
26 4810 4811 4812 4813 4814 4815 4816 4817 4818 4819 4820 4821 4822 4823 4824 4825 4826 4827 4828 4829 4830 4831 4833 4834 4835 4836
2 4911 4912
9 4913 4914 4915 4917 4918 4919 4920 4921 4922
28 4923 4925 4926 4927 4928 4929 4930 4931 4933 4935 4936 4937 4938 4940 4941 4943 4944 4945 4946 4947 4948 4949 4951 4952 4953 4954 4955 4956
0
4 5088 5089 5090 5092
29 4962 4963 4964 4966 4970 4971 4972 4974 4976 4977 4979 4980 4981 4982 4983 4984 4985 4986 4987 4988 4989 4990 4991 4992 4993 4994 4995 4996 4997
21 4967 5032 5033 5034 5035 5037 5038 5039 5040 5041 5042 5043 5044 5045 5047 5048 5049 5050 5051 5052 5053
9 4998 4999 5000 5001 5002 5003 5004 5005 5006
5 5068 5069 5071 5072 5073
5 5132 5133 5134 5135 5136
21 5102 5103 5104 5105 5106 5107 5109 5110 5113 5114 5115 5116 5117 5118 5119 5120 5121 5127 5128 5129 5130
3 4978 5066 5067
4 4957 4958 4959 4961
8 5094 5095 5096 5097 5098 5099 5100 5101
2 5137 5138
0
0
3 5148 5149 5150
1 5146
0
1 5147
8 5054 5055 5056 5057 5058 5059 5061 5063
1 5151
0
49 5154 5155 5156 5157 5158 5159 5160 5162 5163 5164 5166 5167 5168 5169 5170 5172 5173 5174 5175 5176 5177 5178 5179 5180 5181 5182 5184 5185 5186 5188 5189 5190 5191 5192 5193 5194 5196 5198 5199 5200 5201 5202 5203 5204 5205 5206 5208 5209 5210
0
6 5233 5234 5235 5236 5237 5238
1 5152
10 5223 5224 5225 5226 5227 5228 5229 5230 5231 5232
1 5248
1 5249
1 5211
2 5144 5145
2 5140 5141
20 5008 5009 5010 5012 5013 5014 5015 5017 5018 5019 5020 5022 5023 5024 5025 5026 5027 5028 5029 5031
2 5244 5246
2 5239 5240
3 5218 5219 5220
1 5222
1 5217
1 5153
1 5243
1 5251
1 5242
11 5074 5076 5078 5079 5080 5081 5082 5083 5084 5085 5086
1 5255
1 5142
1 5253
1 5252
2 5213 5215
2 5256 5257
0
1 5325
1 5316
0
2 5345 5346
1 5327
3 5334 5335 5336
1 5264
3 5330 5331 5332
0
1 5364
1 5324
1 5312
2 5313 5315
6 5337 5338 5339 5340 5341 5342
2 5318 5319
2 5387 5388
1 5317
2 5348 5349
1 5326
1 5377
3 5261 5262 5263
4 5266 5267 5268 5269
1 5343
0
1 5371
10 5301 5302 5303 5304 5305 5306 5307 5308 5310 5311
1 5370
0
1 5350
2 5351 5352
2 5383 5384
0
2 5328 5329
1 5259
3 5355 5356 5358
0
3 5361 5362 5363
0
3 5365 5366 5367
1 5333
1 5379
1 5396
0
1 5369
1 5402
1 5400
1 5323
1 5389
3 5353 5385 5386
2 5359 5360
1 5393
4 4779 5397 5398 5399
1 5401
1 5413
2 5406 5407
1 5403
2 5404 5405
1 3647
1 5347
3 5410 5411 5412
1 5344
1 5300
1 5394
1 5382
1 5368
1 5378
3 5390 5391 5392
0
0
27 5270 5271 5272 5273 5274 5275 5276 5277 5278 5279 5280 5281 5282 5283 5284 5285 5288 5289 5290 5291 5292 5293 5294 5295 5296 5298 5299
1 5409
1 5408
5 5372 5373 5374 5375 5376
0
1 5414
0
1 5465
2 5417 5418
8 5455 5456 5457 5458 5459 5461 5462 5463
1 5416
0
2 5453 5454
1 5466
28 3751 5421 5422 5423 5424 5425 5426 5427 5429 5430 5431 5432 5433 5434 5435 5436 5437 5438 5439 5440 5441 5442 5443 5444 5446 5448 5449 5452
0
0
0
1 5415
1 5478
0
2 5475 5476
0
1 5477
0
1 5419
0
4 5470 5471 5472 5473
1 5474
2 5479 5480
1 5496
0
0
1 5510
1 5483
1 5484
1 5490
1 5481
0
1 5494
1 5495
1 5491
1 5492
3 5486 5487 5488
0
1 5482
1 5489
12 5497 5499 5500 5501 5502 5503 5504 5505 5506 5507 5508 5509
2 5516 5517
1 5526
1 5527
1 5515
1 5575
27 5534 5535 5536 5538 5539 5540 5541 5543 5544 5545 5546 5547 5549 5550 5551 5552 5553 5555 5556 5557 5558 5559 5560 5561 5562 5563 5564
1 5577
16 5586 5587 5588 5590 5591 5592 5593 5594 5595 5596 5597 5598 5599 5600 5601 5602
1 5603
1 5531
2 5532 5533
1 5649
1 5530
1 5660
3 5674 5676 5677
1 5576
25 5604 5605 5606 5607 5608 5609 5610 5611 5613 5614 5615 5616 5617 5618 5619 5620 5621 5622 5623 5624 5625 5626 5627 5628 5630
1 5651
2 5642 5643
6 5566 5568 5569 5571 5572 5574
1 5646
0
1 5708
2 5685 5686
2 5652 5654
1 5661
0
0
3 5759 5760 5761
6 5519 5520 5521 5523 5524 5525
1 5755
5 5662 5663 5665 5667 5668
1 5698
1 5754
7 5699 5700 5701 5702 5703 5704 5706
6 5692 5693 5694 5695 5696 5697
2 5647 5648
1 5831
0
1 5833
1 5707
3 5548 5788 5789
1 5753
1 5645
1 5762
4 5777 5778 5779 5780
1 5830
0
4 5781 5782 5783 5784
2 5657 5658
1 5775
3 5866 5867 5868
1 5881
9 5838 5846 5848 5849 5850 5851 5852 5853 5854
7 5764 5765 5766 5767 5768 5769 5771
5 5889 5890 5891 5892 5893
3 5750 5751 5752
1 5877
2 5870 5871
2 5926 5927
2 5872 5873
8 5855 5856 5857 5858 5859 5860 5861 5862
1 5903
1 5672
2 5908 5909
2 5512 5513
7 5578 5579 5581 5582 5583 5584 5585
1 5511
0
1 5901
1 5763
4 5882 5883 5884 5885
1 5869
4 5895 5896 5897 5898
1 5832
1 5947
1 5902
3 5681 5682 5683
2 5828 5829
1 5785
1 5659
11 5834 5835 5836 5837 5839 5840 5841 5842 5843 5844 5845
0
2 5863 5864
1 5644
3 5874 5875 5876
3 5678 5679 5680
1 5641
1 5894
1 5786
3 5878 5879 5880
3 5790 5791 5792
1 5964
2 5899 5900
2 5971 5972
32 5793 5794 5796 5797 5798 5800 5801 5802 5803 5804 5805 5806 5807 5808 5809 5810 5811 5812 5813 5814 5815 5816 5817 5818 5819 5820 5821 5822 5824 5825 5826 5827
3 5772 5773 5774
2 5959 5960
1 5944
2 5528 5529
1 5684
6 5712 5713 5714 5715 5716 5717
2 5570 5709
2 5930 5931
6 5965 5966 5967 5968 5969 5970
2 5756 5757
1 5980
2 5886 5887
22 5728 5729 5730 5731 5732 5733 5734 5735 5736 5737 5738 5739 5740 5741 5742 5743 5744 5745 5746 5747 5748 5749
6 5982 5983 5984 5985 5986 5987
5 5687 5688 5689 5690 5691
1 5565
1 5943
4 5904 5905 5906 5907
1 6017
8 5633 5634 5635 5636 5637 5638 5639 5640
2 5655 5656
2 5978 5979
1 5928
1 5946
2 5847 5865
1 5973
1 5977
1 6002
9 5718 5719 5720 5721 5722 5723 5724 5725 5726
14 5981 5988 5989 5990 5991 5992 5993 5994 5995 5996 5997 5998 5999 6000
8 5948 5949 5950 5951 5953 5954 5955 5956
2 6015 6016
1 6001
14 5910 5911 5912 5913 5914 5915 5917 5919 5920 5921 5922 5923 5924 5925
1 5963
1 5888
11 5932 5933 5934 5935 5936 5937 5938 5939 5940 5941 5942
38 6018 6019 6020 6021 6022 6023 6024 6025 6026 6027 6028 6030 6031 6032 6033 6034 6035 6036 6037 6038 6039 6040 6041 6042 6043 6044 6045 6046 6047 6048 6049 6050 6051 6052 6053 6054 6056 6057
3 5669 5670 5671
0
11 6058 6059 6060 6061 6062 6063 6064 6065 6066 6067 6068
3 5974 5975 5976
2 5961 5962
1 6305
1 6316
7 6306 6308 6309 6310 6311 6312 6313
1 6428
0
87 6069 6070 6071 6072 6073 6074 6075 6076 6077 6078 6079 6080 6081 6082 6083 6084 6085 6086 6087 6088 6089 6090 6091 6092 6093 6094 6095 6096 6097 6098 6099 6100 6101 6102 6103 6104 6105 6106 6107 6108 6109 6110 6111 6112 6113 6114 6115 6116 6117 6118 6119 6121 6122 6123 6124 6125 6126 6127 6128 6129 6130 6131 6132 6133 6134 6135 6136 6137 6138 6139 6140 6141 6142 6143 6144 6145 6146 6147 6148 6149 6150 6151 6152 6153 6154 6156 6157
11 6003 6004 6005 6006 6007 6008 6009 6010 6011 6012 6014
1 6315
1 6427
3 6159 6160 6161
0
3 6317 6319 6320
0
45 6429 6430 6431 6432 6433 6434 6435 6436 6437 6438 6439 6440 6441 6442 6443 6444 6445 6446 6447 6448 6449 6450 6451 6452 6453 6454 6455 6456 6457 6458 6459 6460 6461 6462 6463 6464 6465 6466 6467 6468 6469 6470 6471 6472 6473
1 6558
0
0
4 6561 6562 6563 6564
1 6560
100 6321 6322 6323 6324 6325 6326 6327 6328 6329 6330 6331 6332 6333 6334 6335 6336 6337 6338 6339 6340 6342 6343 6344 6345 6346 6347 6348 6349 6350 6351 6352 6353 6354 6355 6356 6357 6358 6359 6360 6361 6362 6364 6365 6366 6367 6368 6369 6370 6371 6372 6373 6374 6375 6377 6378 6379 6380 6381 6382 6383 6385 6386 6387 6388 6389 6390 6391 6392 6393 6394 6395 6396 6398 6399 6400 6401 6402 6403 6404 6405 6406 6407 6408 6409 6410 6411 6412 6413 6414 6415 6416 6417 6419 6420 6421 6422 6423 6424 6425 6426
84 6341 6474 6475 6476 6477 6478 6479 6480 6481 6482 6484 6485 6486 6487 6488 6489 6490 6491 6492 6493 6494 6495 6496 6497 6498 6499 6500 6501 6502 6503 6504 6505 6506 6507 6508 6509 6510 6511 6512 6513 6514 6515 6516 6517 6518 6519 6520 6521 6522 6523 6524 6525 6526 6527 6528 6529 6530 6531 6532 6533 6534 6535 6536 6537 6538 6539 6540 6541 6542 6543 6544 6545 6546 6547 6548 6549 6550 6551 6552 6553 6554 6555 6556 6557
115 6162 6163 6165 6167 6168 6169 6170 6173 6174 6175 6176 6177 6178 6179 6180 6181 6183 6185 6186 6187 6189 6190 6191 6192 6193 6194 6195 6196 6197 6198 6199 6200 6201 6202 6203 6206 6207 6208 6209 6210 6211 6212 6213 6214 6215 6216 6217 6218 6219 6220 6222 6223 6224 6225 6226 6227 6229 6230 6231 6232 6233 6234 6235 6236 6237 6238 6239 6241 6242 6243 6244 6245 6246 6247 6248 6249 6250 6251 6252 6253 6254 6255 6256 6257 6258 6259 6260 6261 6262 6263 6264 6265 6267 6268 6269 6270 6272 6275 6277 6278 6279 6281 6282 6283 6285 6286 6287 6288 6290 6292 6293 6294 6295 6296 6297
7 6298 6299 6300 6301 6302 6303 6304
0
3 6567 6568 6569
2 6571 6572
0
6 6573 6574 6576 6577 6578 6579
1 6600
2 6601 6603
1 6606
1 6688
1 6604
2 6684 6685
2 6647 6648
0
1 6605
1 6650
2 6689 6690
1 6649
1 6718
2 6692 6693
3 6639 6640 6641
11 6580 6581 6582 6583 6585 6587 6588 6589 6590 6591 6592
1 6645
2 6625 6626
0
20 6660 6661 6662 6663 6664 6665 6666 6667 6669 6670 6671 6672 6673 6675 6676 6678 6679 6681 6682 6683
1 6715
1 6716
6 6593 6594 6595 6596 6597 6599
3 6710 6712 6713
8 6743 6744 6745 6746 6747 6748 6750 6751
1 6709
12 6695 6697 6698 6699 6701 6702 6703 6704 6705 6706 6707 6708
3 6653 6654 6656
3 6642 6643 6644
4 2547 6627 6628 6629
3 6733 6734 6735
1 6687
1 6730
0
1 6636
0
9 6719 6720 6722 6723 6724 6726 6727 6728 6729
1 6623
1 6570
5 6630 6631 6632 6634 6635
4 6755 6756 6757 6758
1 6651
1 6717
1 6646
13 6762 6763 6764 6765 6766 6767 6768 6770 6771 6772 6773 6774 6775
2 6657 6658
6 6737 6738 6739 6740 6741 6742
1 6732
1 6652
0
3 6752 6753 6754
1 6731
3 6759 6760 6761
12 6608 6609 6611 6612 6613 6614 6615 6616 6617 6619 6620 6621
7 6777 6780 6781 6782 6783 6784 6785
1 7319
4 7311 7312 7313 7314
3 7256 7257 7259
1 7260
3 7299 7300 7301
432 4380 5567 6655 6788 6789 6790 6791 6792 6793 6794 6795 6796 6797 6798 6799 6800 6801 6802 6803 6804 6805 6806 6807 6808 6809 6810 6811 6813 6814 6815 6816 6817 6818 6819 6820 6821 6822 6824 6825 6826 6828 6829 6830 6831 6832 6833 6834 6835 6836 6837 6838 6839 6840 6841 6842 6843 6844 6845 6846 6847 6848 6849 6850 6851 6852 6853 6854 6855 6856 6857 6858 6859 6860 6862 6863 6864 6866 6867 6868 6869 6870 6871 6872 6873 6874 6875 6876 6877 6878 6879 6880 6881 6882 6883 6884 6885 6886 6887 6888 6889 6890 6891 6892 6893 6895 6896 6897 6898 6899 6900 6901 6902 6903 6904 6905 6906 6907 6908 6909 6910 6911 6912 6913 6914 6915 6916 6917 6918 6919 6920 6921 6922 6923 6925 6926 6927 6928 6929 6932 6933 6934 6935 6936 6937 6938 6939 6940 6941 6943 6944 6946 6947 6948 6949 6950 6951 6952 6953 6954 6955 6956 6957 6958 6959 6960 6961 6962 6963 6965 6966 6967 6968 6969 6970 6971 6972 6973 6974 6975 6976 6977 6978 6979 6981 6982 6983 6984 6985 6986 6987 6988 6989 6990 6991 6992 6993 6994 6995 6996 6997 6998 6999 7000 7002 7004 7005 7006 7007 7008 7009 7010 7011 7012 7014 7015 7016 7017 7018 7019 7020 7021 7022 7023 7024 7025 7026 7027 7028 7029 7030 7031 7033 7034 7035 7036 7037 7038 7039 7040 7041 7042 7043 7044 7045 7046 7047 7048 7049 7050 7051 7052 7053 7054 7055 7056 7057 7058 7059 7060 7061 7062 7063 7064 7065 7066 7067 7069 7070 7072 7074 7077 7078 7079 7080 7081 7082 7083 7084 7085 7086 7087 7088 7089 7090 7092 7093 7094 7095 7096 7097 7098 7099 7101 7102 7103 7104 7105 7106 7107 7108 7109 7110 7111 7112 7113 7114 7115 7116 7117 7118 7119 7120 7121 7122 7123 7124 7126 7127 7128 7129 7130 7131 7133 7134 7137 7138 7139 7140 7141 7142 7143 7144 7146 7147 7148 7149 7150 7151 7152 7154 7155 7156 7157 7158 7159 7160 7161 7162 7163 7164 7165 7166 7167 7168 7169 7171 7172 7173 7174 7175 7176 7177 7179 7180 7182 7183 7184 7185 7186 7187 7188 7189 7190 7191 7192 7193 7194 7195 7196 7198 7200 7201 7202 7203 7204 7205 7206 7207 7208 7209 7210 7211 7212 7213 7214 7215 7216 7217 7218 7219 7220 7221 7222 7223 7224 7225 7226 7227 7228 7229 7230 7231 7232 7233 7234 7235 7236 7237 7238 7239 7240 7241 7242 7243 7245 7246 7247 7248 7249 7250 7251 7252
2 6786 6787
1 7321
1 7254
4 7302 7303 7304 7305
25 7032 7244 7261 7262 7264 7266 7267 7268 7269 7270 7271 7272 7273 7274 7275 7276 7277 7278 7279 7281 7282 7283 7284 7285 7286
0
2 7324 7325
0
3 7296 7297 7298
1 7320
5 7306 7307 7308 7309 7310
2 7333 7334
7 7288 7290 7291 7292 7293 7294 7295
0
1 7336
1 7322
1 7332
1 7316
5 7326 7327 7328 7329 7330
1 7337
2 5631 7253
2 7317 7318
0
1 7338
0
4 7347 7352 7353 7354
0
0
0
1 7346
1 7340
0
22 7357 7358 7359 7360 7361 7362 7364 7365 7366 7367 7368 7369 7372 7373 7374 7375 7376 7378 7379 7380 7381 7382
1 7351
1 7348
0
2 7355 7356
3 7418 7419 7420
4 7408 7409 7411 7412
1 7386
3 7423 7424 7425
1 7385
2 7406 7407
4 7413 7415 7416 7417
2 7349 7350
1 7344
2 7341 7342
5 7414 7422 7427 7428 7429
1 7426
4 7431 7432 7433 7434
1 7421
1 7504
1 7500
7 7448 7449 7450 7451 7452 7453 7454
12 6812 7435 7436 7437 7439 7440 7441 7442 7444 7445 7446 7447
4 7400 7402 7404 7405
13 7387 7388 7389 7390 7391 7392 7393 7394 7395 7396 7397 7398 7399
0
18 7443 7505 7507 7508 7509 7510 7511 7512 7513 7514 7515 7516 7517 7518 7519 7520 7521 7522
3 7501 7502 7503
2 7603 7604
1 7607
5 7587 7588 7589 7590 7591
4 7068 7479 7480 7481
21 5787 7071 7076 7482 7483 7484 7485 7486 7487 7488 7489 7490 7491 7492 7493 7494 7495 7496 7497 7498 7499
2 7608 7609
0
1 7598
0
8 3474 7647 7648 7649 7650 7651 7652 7653
1 7343
4 7582 7583 7584 7585
2 7601 7602
40 7532 7533 7534 7535 7536 7537 7538 7539 7540 7541 7542 7543 7544 7545 7546 7547 7548 7549 7550 7551 7552 7553 7554 7555 7556 7557 7559 7560 7561 7563 7564 7565 7566 7567 7568 7569 7570 7571 7572 7574
1 7580
3 7621 7622 7623
0
1 7627
1 7595
1 7606
1 7737
0
0
0
0
0
0
8 7523 7524 7525 7527 7528 7529 7530 7531
2 7596 7597
19 7628 7629 7630 7631 7632 7633 7634 7635 7636 7637 7638 7639 7640 7641 7642 7643 7644 7645 7646
0
0
0
1 7663
1 7733
0
3 7592 7593 7594
1 7664
2 7656 7657
0
0
2 7599 7600
1 7581
0
0
1 7732
3 7667 7668 7669
0
0
3 7727 7728 7729
4 7658 7659 7660 7661
3 7576 7578 7579
2 7665 7666
9 7611 7612 7614 7615 7616 7617 7618 7619 7620
0
0
0
22 5580 7456 7457 7458 7459 7460 7461 7462 7464 7465 7466 7467 7468 7469 7470 7471 7472 7473 7474 7475 7476 7477
27 7671 7672 7673 7674 7675 7676 7678 7679 7680 7681 7682 7683 7684 7685 7686 7687 7688 7689 7690 7691 7692 7693 7694 7695 7696 7697 7698
0
0
0
11 7834 7836 7837 7839 7840 7843 7845 7846 7847 7848 7849
1 7738
0
0
32 7745 7746 7747 7748 7749 7750 7751 7752 7753 7754 7755 7756 7757 7758 7759 7760 7761 7762 7764 7765 7766 7768 7769 7770 7771 7773 7774 7775 7776 7777 7778 7779
2 7908 7910
3 7903 7904 7905
5 1564 7934 7935 7936 7938
2 7893 7894
0
0
6 7895 7896 7897 7898 7899 7900
4 7741 7742 7743 7744
2 7916 7917
1 7921
2 7918 7919
3 7624 7625 7626
4 7788 7789 7790 7791
17 6779 7943 7944 7945 7946 7947 7949 7950 7951 7953 7954 7955 7956 7957 7958 7959 7960
2 7906 7907
1 7740
25 4838 7859 7860 7862 7863 7864 7865 7866 7867 7868 7869 7870 7871 7872 7873 7874 7875 7876 7877 7878 7880 7881 7882 7883 7884
0
1 7739
0
8 7850 7851 7852 7853 7854 7855 7856 7857
9 7925 7926 7927 7928 7929 7930 7931 7932 7933
4 7801 7939 7940 7941
3 7842 7922 7924
7 7844 7887 7888 7889 7890 7891 7892
37 7793 7794 7795 7796 7797 7798 7799 7800 7802 7803 7804 7805 7806 7807 7808 7809 7810 7811 7812 7813 7814 7815 7816 7817 7818 7819 7820 7821 7822 7823 7825 7827 7828 7829 7830 7832 7833
9 7966 7969 7970 7971 7972 7973 7974 7975 7976
1 7920
1 7980
2 848 7998
0
2 7977 7979
6 7962 7963 7964 7965 7967 7968
0
13 7981 7983 7985 7986 7987 7989 7990 7991 7992 7993 7995 7996 7997
0
5 7824 7911 7912 7913 7914
7 7780 7781 7782 7783 7784 7785 7786
23 7699 7700 7702 7703 7704 7706 7707 7708 7709 7710 7712 7713 7714 7715 7716 7718 7719 7720 7721 7722 7723 7724 7725
1 4040
0
0
0
0
0
0
0
0
0
0
0
0
0
1 5250
0
0
0
0
0
0
0
0
0
0
0
0
0
0
0
0
0
0
0
0
0
0
0
0
0
0
0
0
0
0
0
0
0
0
0
0
0
0
0
0
0
0
0
0
0
0
0
0
0
0
0
0
0
0
0
0
0
0
0
0
0
0
0
0
0
0
0
0
0
0
0
0
0
1 4217
0
0
0
0
0
1 7577
0
0
0
0
0
1 4778
0
0
0
0
0
0
0
0
0
0
0
0
0
0
0
0
0
0
0
2 2311 7909
0
0
0
0
0
0
0
0
0
0
0
0
0
0
0
0
0
0
0
0
0
0
0
0
0
0
0
0
0
0
0
0
1 7558
0
0
0
0
0
0
0
0
0
0
0
0
0
0
0
0
0
0
0
0
0
0
0
0
0
0
0
1 4024
0
0
0
0
0
0
0
0
0
0
0
0
0
0
0
0
0
0
0
0
0
0
0
0
4 4844 4867 4872 4884
0
0
0
0
0
0
0
0
0
0
0
0
0
0
0
0
0
0
0
0
0
0
0
0
0
0
0
0
0
0
0
0
0
0
0
0
0
0
0
0
0
0
0
0
0
0
0
0
0
0
0
0
0
0
0
0
0
0
0
0
0
0
0
0
0
0
0
0
0
0
0
0
0
0
0
0
0
0
0
0
0
0
0
0
0
0
0
0
0
0
0
0
0
0
0
0
0
0
0
0
0
0
0
0
0
0
0
0
1 5241
0
1 1251
0
0
0
0
0
0
0
0
0
0
0
0
0
0
0
0
0
0
0
1 5260
0
0
0
0
0
0
0
0
0
0
0
0
0
0
0
0
0
0
0
0
0
0
0
0
0
0
0
0
0
0
0
0
0
0
0
0
0
0
1 3850
0
0
0
0
0
0
0
0
0
1 3852
0
0
0
0
0
0
0
1 7013
0
0
0
0
0
0
0
0
0
0
0
1 5653
0
0
0
0
0
0
0
0
0
0
0
0
0
0
0
0
0
0
0
0
0
0
0
0
0
0
0
1 2631
0
0
0
0
0
0
0
1 3873
0
0
0
0
0
0
0
0
0
0
0
0
0
0
0
0
0
0
0
0
0
0
0
0
0
0
0
0
0
0
0
0
0
0
0
0
0
0
0
0
0
0
0
0
0
1 7478
0
0
0
0
0
0
0
0
0
0
0
0
0
0
1 101
0
0
0
0
0
0
0
0
0
0
0
0
0
0
0
0
0
0
1 3936
0
0
0
0
0
0
0
0
0
0
0
0
0
0
0
0
0
0
0
0
0
0
0
0
0
0
0
0
0
0
0
1 5245
0
1 4319
0
0
0
0
0
0
0
0
0
0
0
0
0
0
0
0
0
0
0
0
0
0
0
0
0
0
0
2 4266 4267
0
0
0
0
0
0
0
0
2 2320 3108
0
0
0
0
0
0
0
0
0
0
0
0
0
0
0
0
0
0
0
0
0
0
0
0
0
0
0
0
0
0
0
0
0
0
0
0
0
0
0
0
0
1 3482
0
0
0
0
0
0
0
0
0
0
0
0
0
0
0
0
0
0
0
0
0
0
0
0
0
0
0
0
0
0
0
0
0
0
0
0
0
0
0
0
0
0
1 3263
0
0
0
0
0
0
0
0
0
0
0
0
0
0
0
0
0
0
0
0
0
0
0
0
0
0
0
0
0
0
0
0
0
0
0
0
0
0
0
0
0
0
0
0
0
0
0
0
0
0
0
0
0
0
0
0
0
0
0
0
0
0
0
0
0
0
1 4628
0
0
0
0
0
0
0
0
0
0
0
0
0
0
0
0
0
0
0
0
0
0
0
0
0
0
0
0
0
0
0
0
0
0
0
0
0
0
0
0
0
0
0
0
0
0
0
0
0
0
0
0
0
0
0
0
0
0
0
0
0
0
0
0
0
0
0
0
0
0
0
0
0
0
0
0
0
0
0
1 7885
0
0
0
0
0
0
0
0
0
0
0
0
0
0
0
0
0
0
0
0
0
0
0
0
0
0
1 508
0
0
0
0
0
0
0
0
0
0
0
0
1 3596
0
0
0
0
0
0
0
0
0
0
0
0
0
0
0
0
0
0
0
0
0
0
0
0
0
0
0
1 4576
0
0
0
0
0
0
0
0
0
0
0
0
0
0
0
0
0
1 7455
0
0
0
0
0
0
0
0
0
0
0
0
0
0
0
0
0
0
0
0
0
0
0
0
0
1 4579
0
0
0
0
0
0
0
0
0
0
0
0
0
0
0
0
0
0
0
0
0
0
0
0
0
0
0
0
0
0
0
0
0
0
0
0
0
0
0
0
0
0
0
1 399
0
0
0
0
0
0
0
0
0
1 3247
0
0
0
0
0
0
0
0
0
0
0
0
0
0
0
1 1353
0
0
0
0
0
0
0
0
0
0
0
0
0
0
1 3103
0
0
0
0
0
0
1 1870
0
0
0
0
0
0
0
0
0
0
0
0
0
0
0
0
0
0
1 3037
0
0
0
0
0
0
0
0
0
0
0
0
0
0
0
0
0
0
0
0
0
0
0
0
0
0
0
0
0
0
0
0
0
0
0
0
0
0
0
0
0
0
0
0
0
0
0
0
0
0
0
0
0
0
0
0
0
0
0
0
0
0
0
0
0
0
0
0
0
0
0
0
0
0
0
0
1 2407
0
0
0
0
0
0
0
0
0
0
0
0
0
0
0
0
0
0
0
0
0
0
0
0
0
0
0
0
0
0
0
0
0
0
0
0
0
0
0
0
0
0
0
0
0
0
0
0
0
0
0
0
0
0
0
0
0
0
0
0
0
0
0
0
0
0
0
0
0
0
0
0
0
0
0
0
0
0
0
0
0
0
0
0
0
0
0
0
0
0
0
0
0
0
0
0
0
0
0
0
0
0
0
0
0
0
0
0
0
0
0
1 5554
0
0
0
0
0
0
0
0
0
0
0
0
0
0
0
0
1 5354
0
1 3471
0
0
0
0
0
0
0
0
0
0
0
0
0
0
0
0
0
0
0
0
0
0
0
0
1 5945
0
0
0
0
0
0
0
0
0
0
0
0
0
0
0
0
0
0
0
0
0
0
0
0
0
0
0
0
0
0
0
1 1334
0
0
1 2602
0
0
0
0
0
0
0
0
0
0
0
0
0
0
0
0
0
0
0
0
0
0
0
0
0
0
0
0
0
0
0
0
0
0
0
0
0
0
0
0
0
0
0
0
0
0
0
0
0
0
0
0
0
0
0
0
0
1 3869
0
0
0
0
0
0
0
0
0
0
0
0
0
0
0
0
0
0
1 4850
0
0
0
0
0
0
0
0
0
0
0
0
0
0
0
0
0
0
0
0
0
0
0
0
0
0
0
0
1 7363
0
0
0
0
0
0
0
0
0
0
0
0
0
1 4785
0
0
0
0
0
0
0
0
0
0
0
0
0
0
0
0
0
0
0
0
2 2617 2870
0
0
0
0
0
0
0
0
2 1096 4614
0
0
0
0
2 4924 4939
0
0
0
0
0
0
0
0
0
0
0
0
0
0
0
0
0
0
1 6696
0
1 734
0
0
0
0
0
0
0
0
0
0
0
0
0
0
0
0
0
0
0
0
0
0
0
0
0
0
3 98 6607 6674
0
0
0
0
0
0
1 5062
0
0
0
0
0
0
0
0
0
0
0
0
0
1 5297
0
0
0
0
0
0
0
0
1 4143
0
0
0
0
0
0
0
0
0
0
0
0
0
0
0
0
0
0
0
0
0
0
0
0
0
0
0
0
0
0
0
0
0
0
0
0
0
0
0
0
0
0
0
0
0
0
0
0
0
0
0
0
0
0
0
0
0
0
0
0
1 4723
0
0
0
0
0
0
0
0
0
0
0
0
0
0
0
0
0
0
0
0
0
1 3405
0
0
0
0
0
0
0
0
0
0
0
0
0
0
0
0
0
0
0
0
0
0
0
0
0
0
0
0
0
0
0
0
0
0
0
0
0
0
0
0
0
0
1 5011
0
0
0
0
0
0
0
0
1 7410
0
0
0
0
0
1 7265
0
0
0
0
0
0
0
0
0
0
0
0
0
0
0
0
1 4775
0
0
0
0
0
0
0
0
0
0
0
0
0
0
0
0
0
1 5522
2 2351 6120
0
0
0
0
0
0
0
0
0
1 1274
0
0
0
0
0
0
0
0
0
0
0
0
0
0
0
0
0
0
0
0
0
0
0
0
0
0
0
0
0
0
0
0
0
0
0
0
0
0
0
0
0
0
0
0
0
0
0
0
0
0
0
0
0
0
0
0
0
0
0
0
0
1 1140
0
0
0
0
0
0
0
0
0
0
0
0
0
0
0
0
0
0
0
0
0
0
0
0
0
0
0
0
0
0
0
0
0
0
0
0
0
0
0
0
0
0
0
0
0
0
0
0
0
0
0
0
0
0
0
0
1 5451
0
0
0
0
0
0
0
0
0
0
0
0
0
0
0
0
0
0
0
0
0
0
1 5258
0
0
1 7861
0
0
0
0
0
0
0
0
0
0
0
0
0
0
0
0
0
0
0
1 2199
0
0
0
0
0
0
0
0
0
0
0
0
0
0
0
0
0
0
0
0
0
0
0
0
0
0
0
0
0
0
0
0
0
0
0
0
0
0
0
0
0
0
0
0
0
0
0
0
0
0
0
0
0
0
0
0
0
0
0
0
1 1986
0
0
0
0
0
1 4477
0
0
0
0
0
0
0
0
0
0
0
1 4525
0
0
0
0
0
0
0
0
0
0
0
0
0
0
0
0
0
0
0
0
0
0
0
1 5165
0
0
0
0
0
0
0
0
0
0
0
0
0
0
0
0
2 2657 3378
0
0
0
0
0
0
0
1 2706
1 4504
0
0
0
0
0
0
0
0
0
0
0
0
0
0
0
0
0
0
0
0
0
0
0
0
0
0
0
0
0
0
0
1 5314
0
0
0
0
0
0
0
0
0
0
0
0
1 5918
0
0
0
1 3097
0
0
0
0
0
0
0
0
0
0
0
0
0
0
0
0
0
0
0
0
0
0
0
0
0
0
0
0
0
0
0
0
0
0
0
0
0
0
0
0
0
0
0
0
0
0
1 4198
1 4965
0
0
1 961
0
0
0
0
0
0
0
0
0
0
0
0
0
0
0
0
0
0
0
0
0
0
0
0
1 2561
0
0
0
0
0
0
0
0
0
0
0
0
0
0
0
0
0
0
0
0
0
0
0
0
0
0
0
0
0
0
0
1 5469
0
0
0
0
0
0
0
3 522 3747 5916
0
0
0
1 3714
0
0
0
0
0
0
0
0
0
0
0
0
0
0
0
0
0
0
1 3558
0
0
1 7826
0
0
0
0
0
0
0
0
0
0
0
0
0
0
0
0
0
0
0
0
0
1 5710
0
0
0
0
0
0
0
0
0
0
0
0
0
0
0
0
0
0
0
0
0
0
0
0
0
0
0
0
0
0
0
0
0
0
0
0
0
0
0
0
0
0
2 7003 7383
0
0
0
0
0
0
0
0
0
0
0
0
0
0
0
0
0
1 4061
0
0
0
0
0
0
0
0
0
0
0
0
0
0
0
0
0
0
0
0
0
0
0
0
0
0
0
0
0
0
0
0
0
0
0
0
0
0
0
0
1 3165
0
0
0
0
0
0
1 5799
0
0
0
0
0
0
0
0
0
0
0
0
0
0
0
0
0
0
0
0
0
0
0
0
0
0
0
0
0
0
0
0
0
0
0
0
0
0
0
0
0
0
0
0
0
0
0
0
0
0
0
0
0
0
0
0
0
1 2734
0
0
0
0
0
0
0
0
1 3492
0
0
0
0
0
0
0
0
0
0
0
0
0
0
0
0
0
0
0
0
0
0
0
0
0
0
0
0
0
0
0
0
0
0
0
0
0
0
0
0
0
0
0
0
0
0
0
0
0
0
0
0
0
0
0
0
0
0
0
0
0
0
0
0
0
0
0
0
0
0
0
0
0
0
0
0
0
0
0
0
0
0
0
0
0
0
0
0
0
0
0
1 3700
0
0
0
0
0
0
0
0
0
0
0
0
0
0
0
0
0
0
0
0
0
0
0
0
0
0
0
0
0
0
0
0
0
0
0
0
0
0
1 1403
0
0
0
0
0
0
0
0
0
0
0
0
0
0
0
0
0
0
0
0
0
0
0
0
0
0
0
0
0
0
0
0
0
0
0
0
0
0
0
0
0
0
0
0
0
0
0
0
0
0
0
0
0
0
0
0
0
0
0
0
0
0
0
0
0
0
0
0
0
0
0
0
0
0
0
0
0
0
0
0
0
0
0
0
0
0
0
0
1 7705
0
0
0
0
0
0
0
0
0
0
0
0
0
0
0
0
0
0
0
0
0
0
0
0
0
0
0
0
0
0
0
0
0
1 7982
0
0
0
0
0
0
0
0
0
0
0
0
0
0
0
0
0
0
0
0
0
1 7384
0
0
0
0
0
0
0
0
0
0
0
0
0
0
0
0
0
1 6942
0
0
0
0
0
0
0
0
0
0
0
0
0
0
0
0
0
0
1 4142
0
0
0
0
0
0
0
0
0
0
0
0
1 4804
0
0
0
0
0
0
0
0
0
0
0
0
0
0
0
0
0
0
0
0
0
0
0
0
0
0
0
0
2 2408 4163
0
0
0
0
0
0
0
0
0
0
0
0
0
0
0
0
0
0
0
0
0
0
0
0
0
0
0
0
0
0
0
0
0
0
0
0
0
0
0
0
1 1834
0
2 4652 6188
0
0
0
0
0
2 3167 4115
0
0
0
0
0
0
1 6284
0
0
0
0
0
0
0
0
0
0
0
0
0
0
0
0
0
0
0
0
0
0
0
0
0
0
0
0
0
0
0
0
0
0
0
0
0
0
0
0
0
0
0
0
0
0
0
1 3871
1 4910
0
0
0
0
0
0
0
0
0
0
0
0
0
0
0
0
1 2027
0
0
0
0
0
0
0
0
0
0
0
0
0
0
0
0
0
0
0
0
0
0
0
0
0
0
0
0
0
0
0
0
0
0
0
0
0
0
0
0
0
0
0
0
0
0
0
0
0
0
0
0
0
0
0
0
0
0
0
0
0
0
0
0
0
1 7258
0
0
0
0
0
0
0
0
0
0
0
0
0
0
0
0
0
0
0
0
0
0
0
1 3649
0
0
0
0
0
0
0
0
0
0
0
0
0
0
0
0
0
0
0
0
0
0
0
0
0
0
0
0
0
0
0
0
0
0
0
0
0
0
0
0
0
0
0
0
0
0
0
0
0
1 3891
0
0
0
0
0
0
0
0
0
0
0
0
0
0
0
0
0
0
0
0
0
0
0
0
0
0
0
0
0
0
0
0
0
1 1031
0
0
0
0
0
0
0
0
0
0
0
0
0
0
0
0
0
0
0
0
0
0
0
0
0
0
0
0
0
0
0
1 4710
0
0
0
0
0
0
0
0
0
0
0
0
0
0
0
0
0
0
0
0
0
0
0
0
0
0
0
0
0
0
0
0
0
0
0
0
0
0
0
0
0
0
0
0
0
0
0
0
0
0
0
0
0
0
0
0
0
0
0
0
0
0
0
0
0
0
0
0
0
0
0
0
1 754
0
0
0
0
0
0
0
0
0
0
0
0
0
0
0
0
0
0
0
1 5216
0
0
0
0
0
0
0
0
0
0
0
0
0
0
0
0
0
0
0
0
0
0
1 4526
0
0
0
0
0
0
0
0
0
0
0
0
0
0
0
0
0
0
0
0
0
0
0
0
0
0
0
0
0
0
0
0
0
0
0
0
0
0
0
0
0
0
0
0
0
0
0
0
0
0
0
0
0
0
0
0
0
0
0
0
0
0
1 3791
0
0
0
0
0
0
1 1718
0
0
0
0
0
0
0
0
0
0
0
0
0
0
0
0
0
0
0
0
0
0
0
1 3858
0
0
0
0
0
0
0
0
0
0
0
0
0
0
0
0
0
0
0
0
0
0
0
0
0
0
0
0
0
0
0
0
0
0
0
0
0
0
0
0
0
0
0
0
0
0
0
0
0
0
0
0
0
0
0
0
0
0
0
0
0
0
0
0
0
0
0
0
0
0
0
0
0
0
0
0
0
0
0
0
0
0
0
0
0
0
0
0
0
0
0
0
0
0
0
0
0
0
0
0
0
0
0
0
0
0
0
0
0
0
0
0
0
0
0
0
0
0
0
0
1 2504
0
0
0
0
0
0
0
0
0
0
0
0
0
0
0
0
0
0
1 563
0
0
0
0
0
0
0
0
0
0
0
0
1 1327
0
1 2191
0
0
0
0
0
0
0
0
0
0
0
0
0
0
0
0
0
1 5485
0
0
0
0
0
0
0
0
0
0
0
0
0
0
0
0
0
0
0
0
0
0
0
0
0
0
0
0
0
0
0
0
0
0
0
0
0
0
0
0
0
0
0
0
0
0
0
0
0
0
0
0
0
0
0
0
0
0
0
0
0
0
0
0
0
0
0
0
0
0
0
0
0
0
0
0
0
0
0
0
0
0
0
0
0
0
0
0
0
0
0
0
0
0
0
0
0
0
0
0
0
0
0
0
0
0
0
0
0
0
0
0
0
0
0
0
0
0
0
0
0
0
0
0
0
0
0
0
0
0
0
0
0
0
0
0
0
0
0
0
0
0
0
0
0
0
0
0
0
0
0
0
0
0
0
0
0
0
0
0
0
0
0
0
0
0
0
0
0
0
0
0
0
0
0
0
0
0
0
0
0
0
0
0
0
0
0
0
0
0
0
0
0
0
0
0
0
0
0
0
0
0
0
0
0
0
0
0
0
0
0
0
0
0
0
0
0
0
0
1 5021
0
0
0
0
0
0
0
0
0
0
0
0
0
0
0
1 4498
0
0
0
0
0
0
0
0
0
0
0
0
0
0
0
0
0
0
0
0
0
0
0
0
0
0
0
0
0
0
0
0
0
0
0
1 655
0
0
0
0
0
0
0
0
0
0
0
0
0
0
0
0
1 4780
1 7377
0
2 1898 1903
0
0
1 6029
0
0
0
0
0
0
0
0
0
0
0
0
0
0
0
0
0
1 1575
0
0
0
0
0
0
0
0
0
0
0
0
0
0
0
0
0
0
0
0
0
0
0
0
0
0
0
0
0
0
1 5450
0
0
0
0
0
0
0
0
0
0
0
0
0
0
0
0
0
0
0
0
0
0
0
0
0
0
0
0
0
0
0
0
0
0
0
0
0
0
1 5518
0
0
2 2488 5445
0
0
1 5589
0
0
0
0
0
0
0
0
1 4547
0
0
0
0
0
0
0
0
0
0
0
0
0
0
0
0
0
0
0
0
0
0
0
0
0
0
0
0
0
0
0
0
0
0
0
0
1 2539
0
0
0
0
0
0
0
0
0
0
0
0
0
0
0
0
0
0
0
0
0
0
0
0
0
0
0
0
0
0
0
0
0
0
0
0
0
0
0
0
0
0
0
0
0
0
0
0
0
0
0
0
0
0
0
0
0
0
0
0
0
0
0
0
0
0
0
0
0
0
0
0
0
0
0
0
0
0
0
0
0
0
0
0
0
0
0
0
0
0
0
0
0
0
0
0
0
0
0
0
0
0
0
0
0
0
0
0
0
0
0
0
0
0
0
0
0
0
0
0
0
0
0
0
0
0
0
0
0
1 5498
0
0
0
0
0
0
0
0
0
0
0
0
0
0
0
0
0
0
0
0
0
0
0
0
0
0
0
0
0
0
0
0
0
0
0
0
0
0
0
0
0
0
0
0
0
0
0
0
0
0
0
1 6680
1 7999
0
0
0
0
0
0
0
0
0
0
1 1684
0
0
0
0
0
0
0
0
0
0
0
1 301
0
0
0
0
0
0
0
0
0
0
0
0
0
0
0
0
0
0
0
0
0
0
1 2081
0
0
0
0
0
0
0
0
0
0
0
0
0
1 3651
0
0
0
0
0
0
0
0
0
0
0
0
0
0
0
0
0
0
0
0
0
0
0
0
0
0
0
0
0
0
0
0
0
0
0
0
0
0
0
0
0
0
0
0
0
0
0
0
0
0
0
0
0
0
0
0
1 6668
0
0
0
0
1 3290
0
0
0
0
0
0
0
0
0
6 1518 3696 3856 3897 6924 7125
0
0
0
0
0
0
0
0
0
0
0
0
0
1 2629
0
0
0
0
0
0
0
0
0
0
0
0
0
0
0
0
0
0
0
0
0
0
0
0
0
0
1 4010
0
0
0
0
1 7263
0
0
0
0
0
0
0
0
0
0
0
0
0
0
0
0
0
0
0
0
0
0
0
0
0
0
0
0
0
0
0
0
0
0
0
0
1 6565
0
0
0
0
0
0
0
0
0
0
0
0
0
0
0
0
0
0
0
1 1927
0
0
0
0
0
0
0
0
0
0
0
0
0
0
0
0
0
0
0
0
0
0
0
0
1 7075
0
0
0
0
0
0
0
0
0
0
0
0
0
0
0
0
0
0
0
0
0
0
0
0
0
0
0
0
0
0
0
0
0
0
0
0
0
0
0
0
0
0
0
0
0
0
0
0
0
0
0
0
0
0
0
0
0
0
0
0
0
0
1 3703
0
0
0
0
0
0
0
0
1 3804
0
0
0
0
1 3784
0
0
0
1 3948
0
1 3775
1 4524
0
0
0
0
0
0
0
0
0
0
0
0
0
0
0
0
0
0
0
0
0
0
0
0
0
0
0
0
0
0
0
0
0
0
0
0
0
0
0
0
0
0
0
0
0
0
0
1 7787
0
0
0
0
0
0
0
0
0
0
0
0
0
0
0
0
0
0
0
0
0
0
0
0
0
0
0
0
0
0
0
0
0
0
0
0
0
0
0
1 6397
0
0
0
0
0
0
0
0
0
0
0
0
0
0
0
0
0
0
0
0
0
0
0
0
0
0
0
0
0
0
0
0
0
0
0
0
0
0
0
0
0
0
0
0
0
0
0
0
0
0
0
0
0
0
0
0
0
0
0
0
0
0
0
0
0
0
0
0
0
0
0
0
0
0
0
0
0
0
0
0
1 2194
1 4287
0
0
0
0
0
0
0
0
0
0
0
0
1 3267
0
0
0
0
0
0
0
0
0
0
0
0
0
0
0
0
0
0
0
0
0
0
0
0
0
0
0
0
0
0
0
0
0
0
1 5428
0
0
0
0
0
0
0
0
0
1 6158
0
0
0
0
0
0
0
0
0
0
0
0
0
0
0
0
1 7463
0
0
0
0
0
0
0
0
0
0
0
0
0
0
0
0
0
0
0
0
0
0
0
0
0
0
0
0
0
0
0
0
0
0
0
0
0
0
0
0
0
0
0
0
0
0
0
0
0
0
0
0
0
0
0
0
0
0
0
0
0
0
0
0
0
1 1971
0
1 3923
0
0
0
0
0
0
0
0
0
0
0
0
0
0
0
0
0
0
1 7841
0
0
0
0
0
0
0
0
0
0
0
0
0
0
0
0
0
0
0
0
0
0
1 2467
1 6240
0
0
0
0
0
0
0
1 2257
0
0
0
0
0
0
0
0
0
0
0
1 2582
0
0
1 790
0
0
0
0
0
0
0
0
0
0
0
0
0
0
0
0
0
0
0
0
0
0
0
0
0
0
0
0
0
0
0
0
0
0
1 4801
0
1 7289
0
1 159
0
0
0
0
0
0
0
0
0
1 5632
0
0
0
0
0
0
0
0
0
1 7145
0
0
0
0
0
0
0
0
0
0
0
0
0
0
0
0
0
0
0
0
0
0
0
0
0
0
0
0
0
0
0
0
1 4386
0
0
0
0
0
0
0
0
0
0
0
0
0
0
0
0
0
0
0
0
0
1 6584
0
0
0
0
0
0
1 4027
0
0
0
0
0
3 110 2279 5447
0
0
0
0
0
0
0
0
0
0
0
0
0
0
0
0
0
0
0
0
0
0
0
0
0
0
0
0
0
0
0
0
0
0
0
0
0
0
0
0
0
0
0
0
0
0
0
0
0
0
1 6575
0
0
0
0
0
0
0
0
0
0
0
0
0
0
0
0
0
0
0
0
0
0
0
0
0
0
0
1 1502
0
0
0
0
0
0
0
0
0
0
0
1 5664
0
0
0
0
0
0
0
0
0
0
0
0
0
0
1 567
0
0
0
0
0
0
0
0
0
0
0
0
0
0
0
0
0
0
0
0
0
0
0
0
0
0
0
0
0
0
0
0
0
0
0
0
0
0
0
0
0
0
0
0
0
0
0
0
1 445
0
0
0
0
0
0
0
0
0
0
0
0
1 1536
0
0
0
0
0
0
0
0
0
0
0
0
0
0
0
0
0
0
0
0
0
0
0
0
1 6184
0
0
0
0
0
0
0
0
0
0
0
0
0
0
0
0
0
0
0
0
0
0
0
0
0
0
0
0
0
0
0
0
1 7662
0
0
0
0
0
0
0
0
0
0
0
0
0
0
0
0
0
0
0
0
0
0
0
0
1 6725
0
0
0
0
0
0
0
0
0
0
0
0
0
0
0
0
0
0
0
0
0
0
0
0
0
0
0
0
0
0
0
0
0
0
0
0
0
0
0
0
1 5958
0
0
0
0
0
1 1513
0
0
0
0
0
0
0
0
0
0
0
0
0
0
0
0
0
0
0
0
0
0
0
0
0
1 3577
0
0
0
0
0
0
0
0
0
0
0
0
0
0
0
0
0
0
0
0
0
0
0
0
0
0
0
0
0
0
0
0
0
0
0
0
0
0
0
0
0
0
0
0
0
0
0
0
0
0
0
0
0
0
0
0
0
0
0
0
0
0
0
0
1 5823
0
0
1 7734
0
0
0
0
0
0
0
0
0
0
0
0
0
0
0
0
0
0
0
0
0
0
0
0
0
0
0
0
0
0
1 5629
0
0
0
0
0
0
0
0
0
0
0
0
0
0
0
0
0
0
0
0
0
0
0
0
0
0
0
0
0
1 7831
0
0
0
0
0
0
0
0
0
0
0
0
1 38
0
0
0
0
0
0
0
0
0
0
0
0
0
0
1 636
0
0
0
0
0
0
0
0
0
0
0
0
0
0
0
0
0
0
0
0
0
0
0
0
0
0
0
0
0
0
0
1 3257
0
0
0
0
0
0
0
0
0
0
0
0
0
0
0
0
0
0
0
0
0
0
0
0
0
0
0
0
0
0
0
0
0
0
0
0
0
0
1 3985
0
0
0
0
0
0
0
0
0
0
0
0
0
0
1 4104
0
0
0
0
0
0
0
0
0
0
0
0
0
0
0
0
0
0
0
0
0
0
0
0
0
0
0
0
0
0
0
0
0
0
0
0
0
0
0
0
0
0
0
1 6861
0
0
0
0
0
0
0
0
0
0
0
0
0
0
0
0
0
1 7670
0
0
0
0
0
0
0
0
0
0
0
0
0
0
0
0
0
0
0
0
0
0
0
0
0
1 5126
0
0
0
0
0
0
0
0
0
0
0
0
0
0
0
0
0
0
0
0
0
1 4017
0
0
0
0
0
0
0
0
0
0
0
0
0
0
0
0
0
0
0
0
0
0
0
0
0
0
0
0
0
0
0
0
0
0
0
0
0
0
0
0
0
0
0
0
0
0
0
0
0
0
0
0
0
0
0
0
0
0
0
0
0
0
0
0
0
0
0
0
0
0
0
0
0
0
0
0
0
0
0
0
0
0
0
0
0
0
0
0
0
0
0
0
1 3746
1 4179
0
0
0
0
0
0
0
0
0
0
0
1 6931
0
0
0
0
0
0
0
0
0
1 5091
0
0
0
0
0
0
0
0
0
0
0
0
0
0
0
0
0
1 1032
0
0
0
0
0
0
0
0
0
0
0
0
0
0
0
0
0
0
0
0
0
0
0
0
0
0
0
0
0
0
0
0
0
0
0
0
0
0
0
0
0
0
0
0
0
1 613
0
0
0
0
0
0
0
0
0
0
0
0
0
0
0
0
0
0
0
0
0
0
0
0
0
0
0
0
0
0
0
0
1 2450
0
0
0
1 3299
0
0
0
0
0
0
0
0
0
0
0
0
0
0
0
0
1 4557
0
0
0
0
0
0
0
0
0
0
0
0
0
0
0
0
0
0
0
0
0
0
0
0
0
0
0
0
0
0
0
0
0
0
0
0
0
1 7573
0
0
0
0
0
0
0
0
0
0
0
0
0
0
0
0
0
1 4593
0
0
0
0
0
0
0
0
0
0
0
0
0
0
0
0
0
0
0
0
0
0
0
0
0
0
0
0
0
0
0
0
0
0
0
0
0
0
0
0
1 7858
0
0
1 3654
1 3794
0
0
0
0
0
0
0
0
0
0
0
0
0
0
0
0
0
1 3977
0
0
0
0
0
0
0
0
0
0
0
0
0
0
0
0
0
0
0
0
0
0
0
0
2 3880 3982
0
0
0
0
0
0
0
1 505
0
0
0
0
0
0
0
0
0
0
0
0
0
0
0
0
0
0
0
0
0
0
0
0
0
0
0
0
0
0
0
0
0
0
0
0
0
0
0
0
0
0
0
0
0
0
0
0
0
0
0
0
0
0
0
0
0
0
0
0
0
0
0
0
0
0
0
0
0
0
0
0
0
0
0
0
0
0
0
0
0
0
0
0
0
0
0
0
0
0
0
1 851
0
0
0
1 6894
0
0
0
0
0
1 4549
0
0
0
0
0
0
0
0
0
0
0
0
0
0
0
0
0
0
0
0
0
0
0
0
0
0
0
0
0
1 5112
0
0
0
1 6711
0
0
0
0
0
0
0
0
0
0
0
0
0
0
0
0
0
0
0
0
0
0
0
0
0
0
0
0
0
0
0
0
0
0
0
0
0
0
0
0
0
0
0
0
0
0
0
0
0
0
0
0
0
0
0
0
0
0
0
0
0
0
0
0
0
0
0
0
0
0
0
0
0
0
0
0
0
0
0
0
0
0
0
0
0
0
0
0
0
0
0
0
1 3728
0
0
0
0
0
0
0
0
0
0
0
0
0
0
0
0
0
0
0
0
1 4465
0
0
0
0
0
0
0
0
0
0
0
0
0
0
0
0
0
0
0
0
0
0
0
0
0
0
0
0
0
0
0
0
0
0
0
0
0
0
2 3608 4934
0
0
0
0
0
0
0
0
0
0
0
1 6622
1 367
0
1 7255
0
0
0
0
0
0
0
0
0
0
0
0
0
0
0
0
0
0
0
0
0
0
0
0
0
0
0
0
0
0
0
0
0
0
0
1 1743
0
0
0
0
0
0
0
0
0
0
0
0
0
0
0
0
0
0
0
0
0
0
0
0
0
0
0
0
0
0
0
0
0
0
0
0
0
0
1 92
0
0
1 109
0
0
0
0
0
0
0
0
0
0
0
0
0
0
0
0
0
1 4362
0
0
0
0
0
0
0
0
0
0
0
0
0
0
0
0
0
0
0
0
0
1 2554
0
0
0
0
0
1 2712
0
0
0
0
0
0
0
0
1 6610
0
0
0
0
0
0
0
0
0
0
0
0
0
0
0
0
0
0
0
0
0
0
0
0
0
0
0
0
0
0
0
1 5468
1 3836
0
0
0
0
0
0
0
0
0
0
0
0
0
0
0
0
0
1 4426
0
0
0
0
0
1 5666
0
0
0
0
0
0
0
0
0
0
0
0
0
0
0
0
0
0
0
0
0
0
0
0
0
0
0
0
0
0
0
0
0
0
0
0
0
0
0
0
0
0
0
0
0
0
0
0
0
0
0
0
0
0
0
0
0
0
0
0
0
0
0
0
0
0
0
0
0
0
0
0
0
0
0
0
0
1 2062
0
0
0
0
0
0
0
0
0
0
0
0
0
0
0
0
0
0
0
0
0
0
1 2716
0
0
0
0
0
0
0
0
0
2 2233 7717
0
0
0
0
0
0
0
0
0
0
0
0
0
0
0
0
0
0
0
0
0
1 1261
0
0
0
0
0
0
0
0
0
0
0
0
0
0
0
0
0
0
0
0
1 6686
0
0
0
0
0
0
0
0
0
0
0
0
0
0
0
0
0
0
0
0
0
0
1 4111
0
0
0
0
0
0
1 5139
0
0
0
0
0
0
0
0
0
0
0
0
0
0
1 7952
0
0
0
0
0
0
0
0
0
0
0
0
0
0
0
0
0
0
0
1 2013
0
0
0
0
0
0
0
0
0
0
0
0
0
0
0
0
0
0
0
0
0
0
0
0
0
0
0
0
0
0
0
0
0
0
0
1 788
0
0
0
0
0
0
0
0
1 127
0
0
0
0
0
0
0
0
0
0
1 2438
0
1 5673
0
0
0
0
0
0
0
0
0
0
0
0
0
0
0
0
0
0
0
0
1 7100
0
0
0
0
1 1624
1 1186
0
0
0
0
0
0
0
0
0
0
0
0
0
0
0
0
0
0
0
0
0
0
0
0
0
0
0
0
0
0
0
0
0
0
0
0
0
0
0
0
0
0
0
0
0
0
0
0
0
0
0
0
0
0
0
0
0
0
0
0
0
0
0
0
0
0
0
0
0
0
0
0
0
0
0
0
0
0
0
0
0
0
0
0
0
0
0
0
0
0
0
0
0
0
0
0
0
0
0
0
0
0
0
0
0
0
0
0
0
0
0
0
0
0
0
0
0
0
0
0
0
0
0
0
0
0
0
0
0
0
0
0
0
0
0
0
0
1 294
0
0
0
0
0
0
0
0
0
0
0
0
0
0
0
0
0
0
0
0
0
0
0
0
0
0
0
0
0
0
0
0
0
0
0
0
0
0
0
0
0
0
0
0
0
0
0
0
0
0
0
0
0
0
0
0
0
0
0
0
0
0
0
0
0
0
1 1795
0
0
0
0
0
0
0
0
0
0
0
0
0
0
0
0
0
1 5286
0
0
0
0
0
0
0
0
0
2 7091 7199
0
0
0
0
0
0
0
0
0
0
0
0
0
0
0
0
0
0
0
0
0
0
0
0
0
0
0
0
0
0
0
1 2855
0
0
0
0
0
0
0
0
0
0
0
0
0
0
0
0
0
0
0
0
0
0
0
0
0
0
0
0
0
0
0
0
0
0
0
0
0
0
0
0
0
0
0
0
0
0
0
0
0
0
0
0
0
0
0
0
0
0
0
0
0
2 4351 5464
0
0
0
0
0
0
0
0
0
0
0
0
0
0
0
0
0
0
0
0
0
0
0
0
0
0
0
0
0
0
0
0
0
0
0
0
0
0
0
0
0
0
0
0
0
0
0
0
0
0
0
0
0
0
0
0
0
0
0
1 7948
0
0
0
0
0
0
0
0
0
0
0
0
0
0
0
0
0
0
0
0
0
0
1 7994
0
0
0
0
0
0
0
0
0
0
0
0
0
0
0
1 167
0
0
0
0
0
0
0
0
0
0
0
0
0
0
0
0
0
0
0
0
0
0
0
0
1 83
0
0
0
0
0
0
0
0
0
0
1 2068
0
0
0
0
0
2 4702 6483
0
0
0
0
0
0
0
0
1 6274
0
0
0
0
0
0
0
0
1 1271
0
0
0
0
0
0
0
0
0
0
1 615
0
0
0
0
1 5381
1 6291
0
0
3 1043 2673 6171
0
0
0
0
0
0
0
0
0
2 696 1625
0
0
0
0
0
0
0
0
0
0
0
0
0
0
0
0
0
0
0
0
0
0
0
1 6276
0
0
1 5612
0
0
0
0
0
0
0
0
0
0
0
0
0
0
2 3708 5197
0
0
0
0
0
1 70
1 7135
0
0
0
1 5952
3 1153 1203 3041
0
0
0
0
0
0
0
0
0
1 5265
0
0
0
0
0
0
0
0
0
0
0
2 1287 2471
0
0
0
0
0
0
0
0
0
0
0
1 524
0
0
0
0
0
0
0
0
0
0
0
0
0
0
0
0
0
0
0
0
0
0
0
0
0
0
0
0
0
0
0
0
0
0
0
0
0
0
0
0
0
0
0
0
0
0
0
0
0
0
0
0
0
0
0
0
0
0
0
0
0
0
0
0
0
0
0
0
0
0
0
0
0
0
0
0
0
0
1 58
0
0
0
0
0
0
0
0
0
0
0
0
0
0
0
0
0
0
0
0
0
0
0
0
0
0
0
0
0
0
0
0
0
0
0
0
0
0
0
0
0
0
0
0
0
0
0
1 4082
0
0
0
1 2538
0
0
0
0
0
0
0
0
1 7902
0
0
0
0
0
0
0
0
0
0
0
0
0
1 7879
0
0
0
0
0
0
0
0
0
0
0
0
0
0
0
0
0
0
0
0
0
0
0
0
0
0
0
0
0
0
0
0
0
0
0
0
0
0
0
0
0
0
0
0
0
0
0
0
0
0
0
0
0
0
0
0
0
0
0
0
0
0
0
0
0
0
0
0
0
0
0
0
0
0
0
0
0
0
0
0
0
0
0
0
0
0
0
0
0
0
0
0
0
0
0
0
0
0
0
0
1 6930
0
0
0
0
0
0
1 3695
0
0
0
0
0
0
0
0
0
0
0
0
0
0
1 2042
0
0
0
0
0
0
0
0
0
1 7835
0
0
0
0
0
0
0
0
0
0
0
0
0
0
0
0
0
0
0
0
0
0
0
0
0
0
0
0
0
0
0
0
0
0
1 3724
0
0
0
0
0
0
0
0
0
0
0
0
0
0
0
0
0
0
0
0
0
0
0
1 3543
0
0
0
0
0
0
0
0
0
0
0
0
0
0
0
0
0
0
0
0
0
0
0
0
0
0
0
0
0
0
0
1 2036
0
0
0
1 3823
0
0
0
0
0
0
0
0
0
0
0
0
0
0
1 830
2 5036 7730
0
0
0
0
0
0
1 2652
0
0
0
0
0
0
0
0
0
0
0
0
0
0
0
0
0
0
0
0
0
0
0
0
0
0
0
0
0
0
0
0
0
0
0
0
0
0
0
0
0
0
0
0
0
0
0
0
0
0
0
0
0
0
0
0
0
0
0
0
0
0
0
0
0
0
0
0
0
0
0
0
0
1 6155
0
0
0
1 87
1 1078
0
0
0
0
0
0
0
0
0
0
0
0
0
0
0
0
0
0
0
0
0
0
0
0
0
0
0
0
0
0
1 2600
1 4916
0
0
0
0
0
0
0
0
0
0
0
0
0
1 1679
0
0
0
1 2292
0
0
0
0
0
0
0
0
0
0
0
0
0
0
0
1 7961
0
1 7731
0
0
0
0
0
0
0
0
0
0
0
0
0
0
0
0
0
0
0
0
1 7988
0
0
0
0
0
0
1 4497
0
0
0
0
0
0
1 4245
0
0
0
1 2899
0
0
0
0
0
0
0
0
0
0
0
0
0
0
0
0
0
0
0
1 1805
1 4739
0
0
0
0
1 7575
0
0
0
0
0
0
0
0
0
0
0
0
0
0
0
0
0
0
0
1 2178
0
0
0
0
0
0
0
0
0
0
0
0
0
0
0
0
0
0
0
0
0
0
0
0
0
0
0
0
0
0
0
0
0
0
0
1 3676
0
0
0
0
0
0
0
0
0
0
0
0
0
0
0
0
0
0
0
0
0
1 6823
0
0
0
0
0
0
0
0
0
0
0
0
0
0
0
0
0
0
0
1 5093
1 3903
0
0
0
1 2136
0
0
0
0
0
0
0
0
0
0
0
0
0
0
0
0
0
0
0
0
0
0
0
0
0
0
0
0
0
0
0
0
0
0
2 1089 7677
0
1 5065
0
0
0
0
0
0
0
0
0
0
0
0
0
0
0
0
0
0
0
0
0
0
0
0
0
0
1 4066
0
0
0
0
0
0
0
0
0
0
0
0
0
0
0
0
0
0
0
0
0
0
0
0
0
0
0
0
0
0
0
0
0
0
0
0
0
0
0
0
0
0
0
0
0
0
0
0
0
0
0
1 4973
0
0
0
0
0
0
0
0
0
0
0
0
0
0
0
0
1 372
0
0
0
0
0
0
0
0
0
0
0
0
0
0
1 1437
0
1 2243
0
0
0
0
0
1 4046
0
0
0
1 1997
0
0
0
0
0
0
1 2604
0
0
0
0
0
0
0
0
0
0
0
0
0
0
0
0
0
0
0
2 5214 5221
0
0
0
0
0
0
0
0
0
0
0
0
0
0
0
0
0
0
0
0
0
0
0
0
0
0
0
0
0
1 7701
0
0
0
0
0
0
0
0
0
0
0
0
0
0
1 1145
0
0
0
0
0
1 6
0
0
0
0
0
0
0
1 2262
0
0
0
0
0
0
0
0
0
0
0
0
0
0
0
1 2663
0
0
0
0
0
0
0
0
0
0
0
0
0
0
0
0
0
0
0
0
0
0
0
0
0
0
0
0
0
0
0
0
0
0
0
0
0
0
0
0
0
0
0
0
0
0
0
0
0
0
0
0
0
0
0
0
0
0
0
0
0
0
0
0
0
0
0
0
0
0
0
0
0
0
0
0
0
0
0
0
0
0
0
0
0
0
1 5514
0
0
0
0
0
0
0
0
0
0
0
0
0
0
0
0
0
0
0
0
0
0
0
0
0
0
0
0
0
0
0
0
0
0
0
0
0
0
0
0
0
0
0
0
0
0
0
0
0
0
0
0
0
0
0
0
1 5493
0
0
0
0
0
0
0
0
0
0
0
0
0
0
0
0
0
0
0
0
0
0
0
0
0
0
0
0
0
0
0
0
0
0
0
0
0
0
0
0
0
0
0
0
0
0
0
0
0
0
0
0
0
0
0
0
0
0
0
0
0
0
0
0
0
0
0
0
0
0
0
0
0
0
0
0
0
0
0
0
0
0
0
0
0
0
0
0
0
0
0
0
0
0
0
0
0
0
0
0
0
0
0
0
0
0
0
0
1 7767
0
0
0
0
0
0
0
0
0
0
0
0
0
0
0
0
0
1 7323
0
0
0
0
0
0
0
0
0
0
0
0
0
0
0
0
1 4832
0
0
0
0
1 4467
0
0
0
0
0
0
0
0
0
0
0
0
0
0
0
0
0
0
0
0
0
0
0
0
0
0
0
0
0
0
0
0
0
0
0
0
0
0
0
0
0
0
0
0
0
0
0
0
0
0
0
0
0
0
0
0
1 7655
0
0
0
0
0
0
0
0
0
0
0
0
0
0
0
0
0
0
0
0
0
0
0
1 5573
0
0
0
0
0
0
0
0
0
0
0
0
0
0
0
0
0
0
0
0
0
0
0
0
0
0
0
0
0
0
0
0
0
0
0
0
0
0
0
0
0
0
0
0
0
0
0
0
0
0
0
0
0
0
0
0
0
0
0
0
0
0
0
0
0
0
0
0
0
0
0
0
0
0
0
0
0
0
0
0
0
0
0
0
0
0
0
0
0
0
0
0
0
0
0
0
0
0
0
0
0
0
0
0
0
0
0
0
0
0
0
0
0
0
0
0
0
0
0
0
0
0
0
0
0
0
0
0
0
0
0
0
0
0
0
0
0
0
0
2 948 6221
0
0
0
0
0
0
0
0
1 6566
0
0
0
0
0
0
0
0
0
0
0
0
0
0
0
0
0
0
0
0
0
0
0
0
0
0
0
0
1 6633
0
0
0
0
0
0
0
0
0
0
0
0
0
0
0
0
0
0
0
0
0
0
0
0
0
0
0
1 1838
0
0
0
0
0
0
0
2 865 873
0
1 866
0
0
1 1211
0
0
0
0
1 2633
0
0
0
0
0
0
0
0
0
0
0
0
0
0
0
0
0
0
0
0
0
0
0
0
0
0
0
0
0
0
0
0
1 5187
1 4131
0
0
0
0
1 5123
0
0
0
0
0
0
0
0
5 411 681 5395 6736 7197
0
0
0
0
0
0
0
0
0
0
1 4508
0
0
0
0
0
0
0
0
0
1 1673
0
0
0
0
0
0
0
0
1 3468
0
0
0
0
0
0
0
0
0
0
0
0
0
0
0
0
0
0
0
0
0
0
0
0
0
0
0
0
0
0
0
0
0
0
0
0
0
0
1 1958
0
0
0
2 729 1800
0
1 5711
0
0
0
0
0
0
0
0
0
1 2363
0
0
0
0
0
0
0
0
0
0
0
0
0
0
0
0
0
0
0
0
0
0
0
0
0
0
0
0
1 5131
0
0
0
0
1 5108
0
0
2 4837 5212
0
1 1946
0
0
0
0
0
0
0
0
0
0
0
0
0
0
0
0
0
0
0
0
0
0
0
0
0
1 5075
0
0
0
0
0
0
0
0
0
0
0
0
0
0
0
0
0
0
0
0
0
0
0
0
0
0
0
0
0
0
0
0
0
0
0
0
0
0
0
0
0
0
0
0
0
0
0
0
0
0
0
0
0
0
0
0
0
0
0
0
0
0
0
0
0
1 4661
0
0
0
0
0
0
0
0
0
0
0
0
0
0
0
0
0
0
0
0
0
0
0
0
0
0
1 6166
0
0
0
0
0
0
0
0
0
0
0
0
0
0
0
0
0
0
0
0
0
0
0
0
0
0
0
0
0
0
0
0
0
0
0
0
0
0
0
0
0
0
0
0
0
0
0
0
0
0
0
0
0
0
0
0
0
0
0
0
0
0
0
0
0
0
0
0
0
0
0
0
0
2 353 2847
1 3551
0
0
0
0
0
0
0
0
0
0
0
0
0
0
0
0
1 1284
0
0
0
0
0
0
0
0
0
0
0
0
0
0
0
0
1 2484
0
0
0
0
0
0
0
0
0
0
0
0
0
0
0
0
0
0
0
0
0
0
0
0
0
0
0
0
0
0
0
0
0
0
0
0
0
0
0
0
0
0
0
0
0
0
0
0
0
0
0
0
0
0
0
0
0
0
0
0
0
0
0
0
0
0
0
0
0
0
0
0
0
0
0
0
0
0
0
0
0
0
0
0
0
0
0
0
0
0
0
0
0
0
0
0
0
0
0
0
0
0
0
0
0
0
0
0
0
0
0
0
0
0
0
0
0
0
0
0
0
0
0
0
0
0
0
0
0
0
0
0
0
0
0
0
0
0
0
0
0
0
0
0
0
0
0
0
0
0
0
0
0
0
0
0
0
0
1 2940
0
0
0
0
0
0
0
0
0
0
0
0
1 3121
0
0
0
0
0
0
0
0
1 46
0
0
0
0
0
0
0
0
0
0
0
0
0
0
0
0
0
0
0
0
0
0
0
0
0
0
0
0
0
0
0
0
1 5770
0
0
0
0
0
0
0
0
0
0
6 453 3680 4074 7073 7153 7401
1 3786
0
0
0
0
7 164 1851 1860 1866 5030 5125 6624
0
0
0
0
0
1 2574
0
0
0
0
0
0
0
0
0
0
0
0
0
0
0
0
0
0
0
0
0
0
1 7506
0
0
1 2955
0
0
0
0
0
0
0
0
0
0
0
0
0
0
0
0
0
0
0
0
0
0
0
0
0
0
0
0
0
0
0
0
0
0
0
0
0
0
0
0
0
0
0
0
0
0
0
1 4627
0
0
0
0
0
0
0
0
0
0
1 7792
0
0
0
0
0
0
0
0
0
0
0
3 3517 3745 7136
0
1 829
0
0
0
0
0
0
0
0
0
0
0
0
0
0
0
0
0
0
0
0
0
1 5705
0
0
0
0
2 2091 5287
0
0
0
0
0
0
0
0
0
1 4308
0
0
0
0
0
0
0
0
0
0
0
0
0
0
0
0
0
0
0
0
0
0
0
0
0
0
0
0
0
0
0
0
0
0
0
0
0
0
0
0
0
0
0
0
0
0
0
0
0
0
0
0
0
0
0
2 6289 7763
0
0
0
0
0
1 1168
0
0
0
0
0
0
0
1 7371
0
0
0
0
0
0
0
0
0
0
0
0
0
0
0
0
2 609 6307
0
0
0
0
0
0
1 6749
0
0
0
0
0
3 1362 2506 5537
0
0
0
1 1352
0
0
0
0
0
1 403
0
0
0
0
0
0
0
0
0
0
0
0
0
0
0
0
1 5795
0
0
0
0
0
0
0
0
0
0
0
0
0
0
0
0
0
0
0
0
0
0
0
0
0
0
0
0
0
0
0
0
0
0
0
0
0
0
0
0
1 7331
0
0
0
0
0
0
0
0
0
0
0
0
0
0
0
0
0
0
0
0
0
0
0
0
0
0
0
0
0
0
0
0
0
1 3842
0
0
0
0
0
0
0
0
0
0
0
0
0
0
0
0
0
0
0
0
0
0
0
0
0
0
3 4694 5957 6659
0
1 7370
0
0
0
0
0
0
0
0
0
0
0
0
0
1 6598
0
0
0
0
0
0
0
0
0
0
0
0
1 4975
0
0
0
0
0
0
0
0
1 3204
0
0
0
0
0
0
0
0
0
0
0
0
0
0
0
0
0
0
0
0
0
0
0
0
0
0
0
0
0
0
0
0
0
0
0
0
0
0
0
0
0
0
0
0
0
0
0
0
0
0
0
1 2186
0
0
0
0
0
0
0
0
0
0
0
0
1 556
0
0
0
0
0
0
0
0
0
0
0
0
0
0
0
0
0
0
0
0
0
0
0
1 2973
0
0
0
0
0
0
0
0
0
0
0
0
0
1 1869
0
1 5046
0
2 433 741
0
0
0
0
0
1 7613
0
0
0
0
0
0
1 2355
0
0
0
0
0
0
0
0
0
1 1947
0
1 1967
0
0
0
0
0
0
1 5007
0
0
0
0
0
0
0
0
0
0
0
2 730 7001
0
0
0
0
0
0
0
0
0
1 6721
0
0
0
0
0
0
0
0
0
0
0
0
0
0
1 6205
0
0
0
1 559
0
0
2 3223 6384
0
0
0
0
0
0
0
0
0
1 4570
0
0
0
0
0
0
0
0
0
0
0
0
0
0
0
0
0
0
0
0
0
0
0
0
0
0
0
0
0
2 451 3906
0
0
0
0
0
0
0
0
0
0
0
0
0
0
0
0
0
0
0
0
0
0
0
0
0
0
0
0
0
0
0
0
0
1 6418
0
0
0
0
0
0
0
0
0
0
0
0
0
0
0
0
0
0
0
0
0
0
0
0
0
0
0
0
0
0
0
0
0
0
0
0
1 5254
0
1 6376
0
0
0
0
0
0
0
0
0
0
0
0
0
0
1 6164
0
0
0
0
0
0
0
0
0
0
0
0
0
0
0
0
0
0
0
0
1 2685
0
0
0
1 5016
0
0
0
0
0
0
0
0
0
0
0
0
0
0
0
0
0
0
0
0
0
0
0
0
0
0
0
0
0
0
0
0
0
0
0
0
0
0
0
0
0
0
0
0
0
0
0
0
0
0
0
0
0
0
0
0
0
1 6618
1 670
1 3710
0
0
0
0
0
0
0
0
0
0
0
0
0
0
0
4 4791 4800 6273 7335
0
0
0
0
4 3248 4932 6865 7280
0
1 3642
2 3975 5322
0
0
0
0
0
0
0
0
0
1 3758
0
0
0
0
0
0
1 1968
0
0
0
0
0
0
0
0
0
0
0
1 4181
0
0
0
0
1 6677
0
0
0
0
0
1 4194
0
0
0
0
0
0
0
0
1 4677
0
1 485
0
0
0
0
0
0
0
0
0
0
0
0
0
0
0
0
0
0
0
0
0
0
0
0
0
0
0
0
0
0
0
1 4479
0
0
0
0
0
0
0
0
0
1 861
0
1 4512
0
0
0
0
1 4747
0
0
0
0
0
0
0
1 1951
0
0
1 4950
0
0
0
0
0
0
0
0
0
0
0
0
0
0
0
0
0
0
0
0
1 2946
0
0
1 3883
0
0
0
0
0
0
0
0
0
0
0
0
0
0
0
0
0
0
0
0
0
0
0
0
0
0
0
0
0
0
0
0
0
0
0
0
0
1 62
0
0
0
0
0
0
0
0
0
0
0
0
0
2 1610 6318
0
0
0
2 1831 3731
0
0
0
0
0
0
0
0
0
0
0
0
0
0
0
0
0
0
0
0
0
1 3958
0
0
0
0
0
0
0
0
0
1 5467
0
0
0
0
0
0
0
0
0
0
0
0
0
0
0
0
0
0
0
0
0
0
0
0
0
0
0
0
0
0
0
0
0
0
0
0
0
0
0
0
0
0
2 638 7610
0
0
0
0
0
0
0
0
0
0
0
0
0
0
0
0
0
0
0
0
0
0
0
1 6602
0
0
1 4212
0
0
0
0
0
1 2958
0
0
0
0
0
0
0
0
0
0
0
0
0
1 422
0
0
0
0
0
0
0
0
0
0
3 383 395 407
0
1 397
2 409 2033
3 3859 4230 6694
0
0
2 2252 3741
0
0
0
0
0
1 6945
0
0
0
2 3945 4620
0
0
0
0
0
0
0
0
0
0
0
0
0
1 4342
0
0
0
0
0
0
0
0
0
0
0
0
0
0
0
0
0
0
0
0
0
0
0
0
0
0
0
0
0
0
0
0
0
0
0
0
0
0
0
0
0
0
0
0
0
0
0
0
0
0
0
0
0
0
0
0
0
0
0
0
0
0
0
0
0
0
0
0
0
0
0
0
0
0
0
0
0
1 6691
0
0
0
0
1 2451
0
0
0
0
0
0
0
0
0
0
0
0
0
0
0
0
0
0
0
0
0
0
0
0
0
0
0
0
0
0
0
0
0
0
0
0
0
0
0
1 3593
0
0
0
0
0
0
0
1 1512
0
0
0
1 7984
0
0
0
0
0
0
0
0
0
0
0
0
0
0
0
0
2 4328 6172
0
0
0
1 4358
0
0
0
0
0
0
0
0
0
0
0
0
1 2978
1 6314
0
0
0
0
0
1 2076
0
0
0
0
1 2615
0
0
0
1 5143
0
0
0
0
0
0
0
0
0
0
0
0
0
0
0
0
0
0
0
0
0
0
0
0
0
0
0
0
0
0
0
0
0
0
0
0
0
0
0
0
2 3069 6827
0
0
0
0
0
0
0
0
0
0
1 1936
0
0
0
0
0
0
0
0
0
0
0
0
0
0
0
0
0
0
0
0
1 7315
0
0
0
0
0
1 1884
0
0
0
0
0
0
0
0
0
0
0
0
0
0
0
0
0
0
0
0
0
0
1 7430
0
0
0
0
0
0
0
0
0
0
0
0
0
0
0
0
0
0
0
0
0
0
0
0
0
0
0
0
0
0
0
0
0
0
0
0
0
0
0
1 3193
0
0
0
0
0
1 544
0
0
0
0
0
0
0
0
0
0
0
0
0
0
0
0
0
0
0
0
0
0
0
0
0
0
0
0
0
1 1388
0
0
0
0
0
0
0
0
0
0
0
0
0
0
0
0
0
0
0
0
0
0
0
0
0
0
0
0
0
1 4107
0
0
0
0
0
0
0
0
0
0
0
0
0
0
0
1 7942
0
0
0
0
1 4599
0
0
0
0
0
0
0
0
1 2396
1 3771
0
0
0
0
0
0
0
0
0
0
0
0
0
0
0
0
0
0
0
0
0
0
0
0
0
0
0
0
0
0
0
0
0
0
1 6559
0
0
0
0
0
0
0
0
0
0
0
0
0
0
0
0
0
0
0
0
0
0
0
0
0
0
1 2576
0
0
0
0
0
0
0
0
0
0
0
0
0
0
0
0
0
0
0
0
0
0
0
0
0
0
0
1 6769
1 4109
0
0
0
0
0
0
0
0
1 7345
0
0
0
0
0
0
0
0
0
0
0
1 140
0
0
0
0
0
0
0
0
0
0
0
0
0
0
0
0
0
0
0
0
0
0
0
0
0
0
0
0
0
0
1 482
2 7287 7978
0
0
0
0
0
0
0
0
0
0
0
0
0
0
0
0
0
0
0
0
0
0
0
0
0
0
0
0
0
0
0
0
0
0
0
0
0
0
0
0
0
0
0
0
0
0
0
0
0
0
0
0
0
0
0
0
1 1084
0
0
0
0
0
0
0
0
0
0
0
0
0
0
0
0
0
0
0
0
0
0
0
0
0
0
0
0
0
0
0
0
0
0
0
0
0
0
0
0
0
0
0
0
0
0
0
0
0
0
0
0
0
0
0
0
0
0
0
0
0
0
0
0
0
0
0
0
0
0
0
0
0
0
0
0
0
0
0
0
0
1 426
3 1988 1995 2017
0
0
0
0
0
0
0
0
0
0
0
0
0
0
0
0
0
0
0
0
0
0
0
0
0
0
0
0
0
0
0
0
0
0
0
0
0
1 5675
0
0
0
0
0
0
0
0
1 864
0
0
0
0
0
0
0
0
0
0
0
0
0
0
0
0
0
0
0
0
0
0
0
0
0
0
0
0
0
0
0
0
0
0
0
0
0
0
0
0
0
0
0
0
0
0
0
0
0
0
0
0
0
0
0
0
0
0
0
0
0
0
0
0
0
0
0
0
0
0
0
0
0
0
0
0
0
0
0
0
0
0
0
0
0
0
0
0
0
0
0
0
0
0
0
0
0
0
0
0
0
0
0
0
0
0
0
0
0
0
0
0
3 1650 2235 4667
0
0
0
0
0
0
0
0
0
0
0
0
0
0
0
0
0
0
0
0
0
0
0
0
0
0
0
0
0
0
1 3123
0
0
0
0
0
0
0
0
0
0
0
0
0
0
0
0
0
0
0
0
0
0
0
0
0
0
0
0
0
0
0
0
0
0
0
0
0
0
1 1064
0
0
0
0
0
0
0
0
0
0
0
0
0
0
0
0
0
0
0
0
0
0
0
0
0
0
0
0
0
0
0
0
0
0
0
0
0
0
0
0
0
0
0
0
0
0
0
0
1 4261
0
0
0
1 824
0
0
0
0
1 7901
0
0
0
0
0
0
1 5727
0
0
0
0
0
0
0
0
0
0
0
0
0
0
1 7605
4 2660 3113 4684 5320
0
1 6980
0
0
0
0
0
0
0
0
0
0
0
0
0
0
0
0
1 2862
1 5929
0
0
0
0
0
0
0
0
0
0
0
0
0
0
0
0
0
0
0
0
0
0
0
0
0
0
0
0
0
0
0
0
0
0
0
0
0
0
0
0
0
0
0
0
0
0
0
0
0
0
1 3867
0
1 6228
0
0
0
0
0
0
0
0
0
0
0
0
0
0
0
0
0
0
1 1523
0
0
0
0
0
0
0
0
0
1 879
0
0
0
0
0
0
0
0
0
0
0
0
0
0
0
0
0
0
0
0
0
0
0
0
1 4069
0
0
0
0
0
0
0
0
0
0
0
0
0
0
0
0
0
1 7915
1 3941
0
0
0
0
0
0
0
0
0
0
0
0
0
0
0
0
0
0
0
0
0
0
0
0
0
0
0
0
0
0
0
0
0
0
0
0
0
0
0
0
0
0
0
0
0
0
1 5460
0
0
0
0
0
0
1 7132
0
0
0
0
0
0
0
0
0
0
0
0
0
0
0
0
0
0
0
0
0
0
0
0
0
0
0
0
0
0
0
0
0
0
0
0
0
0
0
0
0
0
0
0
0
0
0
0
0
0
0
0
0
0
0
0
0
0
0
0
0
0
0
1 3913
0
0
0
0
0
0
0
0
0
0
0
0
0
0
0
0
0
0
0
0
0
0
0
0
0
0
0
0
1 3476
0
0
0
0
0
0
0
0
0
0
0
0
0
1 7403
0
0
0
0
0
0
0
0
0
0
0
0
0
0
0
0
0
0
0
0
0
0
0
0
0
0
0
0
0
0
0
0
0
0
0
0
0
1 5060
0
0
0
0
0
0
0
0
0
0
0
0
0
0
0
0
0
0
0
0
0
0
0
0
0
0
0
0
0
0
0
0
0
0
0
0
0
0
0
0
0
0
0
0
0
1 6055
0
0
0
0
0
0
0
0
0
0
0
0
0
0
0
0
0
0
0
0
0
0
0
0
0
0
0
0
0
0
0
0
0
0
0
1 7586
0
0
0
0
0
0
0
0
0
0
0
0
0
1 1858
0
0
0
0
0
0
0
0
0
0
0
0
0
0
0
0
0
0
0
0
0
0
0
0
0
1 5171
0
0
0
0
0
0
0
0
0
0
0
0
0
0
0
0
0
0
0
0
0
0
0
0
0
0
0
1 3226
0
1 5776
0
0
0
0
0
0
0
1 7170
0
0
0
0
0
0
0
3 1608 3409 4749
0
0
0
0
0
0
0
0
0
0
0
0
0
0
0
0
0
0
0
0
0
0
0
0
0
0
0
0
0
0
0
0
0
0
0
0
0
0
0
3 2050 3760 4901
0
0
0
0
0
0
0
0
0
0
1 3
0
0
1 2969
0
0
0
0
0
0
0
0
0
0
0
1 5064
0
1 7178
0
0
1 5077
0
0
0
0
0
0
0
3 178 2684 3594
0
0
1 5183
0
0
0
0
0
0
0
0
0
0
0
0
0
0
0
0
0
0
0
0
0
0
0
0
0
0
0
0
0
0
0
0
0
0
0
0
0
0
0
0
0
0
0
0
0
0
0
0
0
0
0
0
0
0
0
0
0
0
0
0
0
0
0
0
0
0
0
0
0
0
0
0
0
0
0
0
0
0
0
0
0
0
3 2157 2465 5070
0
0
0
0
0
0
3 415 621 1486
1 4065
2 4942 5542
0
0
0
0
0
0
0
0
0
0
0
1 5124
0
0
0
0
0
1 4871
0
0
0
0
0
0
0
0
0
0
0
0
0
0
1 1368
0
0
0
0
0
1 5357
0
0
0
0
0
0
0
0
0
0
0
0
0
0
0
0
0
0
0
0
0
0
1 3699
0
0
0
0
0
0
0
0
0
0
0
0
4 1265 1400 1784 5122
0
2 6182 6637
0
0
0
0
0
0
0
0
0
0
0
0
0
0
0
0
0
0
0
0
0
0
0
0
0
0
0
0
0
0
0
0
0
0
0
0
0
0
0
1 7438
0
0
1 1857
0
0
0
0
0
0
0
0
0
0
0
0
0
0
0
0
0
0
0
2 6964 7838
0
0
0
0
0
0
0
0
0
0
0
0
0
0
0
0
0
0
0
0
0
0
1 6638
0
0
0
0
0
0
0
0
0
0
0
0
0
0
0
0
0
0
0
0
0
0
0
0
0
2 3451 6714
1 4762
0
0
0
0
0
0
0
0
0
0
0
0
0
0
0
0
0
0
0
0
0
0
0
0
0
1 7526
0
0
0
0
0
0
0
0
0
0
0
0
0
0
0
0
0
1 6204
1 1753
0
0
0
0
0
0
0
0
0
0
0
0
0
0
0
0
0
0
0
0
0
1 4604
0
0
0
0
0
0
0
0
0
0
0
0
0
0
0
0
0
0
0
0
0
0
0
0
0
0
0
0
1 639
0
1 2690
0
0
0
0
0
0
1 4361
0
0
0
0
0
0
0
0
0
0
0
0
0
0
0
0
0
0
0
0
0
0
0
0
0
0
0
0
0
0
0
0
0
0
0
0
0
0
0
1 4156
0
0
0
0
0
0
0
0
0
0
0
0
0
0
0
0
0
0
0
0
0
0
0
0
0
0
0
0
0
0
0
0
0
0
0
0
0
0
0
0
0
0
0
0
0
0
1 5321
0
0
0
1 6363
0
0
0
0
0
0
0
0
0
0
0
0
0
0
0
0
0
0
0
0
0
0
0
0
0
0
0
0
0
0
0
0
0
0
1 3675
0
0
0
0
0
0
0
0
0
0
1 1974
1 7886
0
0
0
0
0
0
0
0
0
0
0
1 4137
0
0
0
0
0
0
0
0
0
0
1 6776
0
0
0
0
0
0
0
0
1 7923
0
0
1 4513
0
0
0
0
0
0
0
0
0
0
0
0
0
0
0
0
0
0
0
0
0
0
0
0
0
0
0
0
1 853
0
0
0
0
0
0
0
0
0
0
0
0
0
0
0
0
2 2090 4033
0
0
0
0
0
1 1965
0
0
0
0
0
0
0
0
0
0
0
0
0
0
0
0
0
0
0
0
0
0
0
0
0
1 2483
0
0
0
0
0
0
0
0
0
0
0
1 1157
1 4494
0
0
1 7726
0
0
0
0
0
0
0
1 3927
0
0
0
0
0
0
0
0
0
2 1278 4305
0
0
0
0
0
0
0
0
0
0
0
0
0
0
0
0
0
0
0
0
0
0
0
0
0
0
0
0
0
0
0
0
0
0
0
0
0
0
0
0
0
0
0
0
0
0
0
0
0
0
0
0
0
0
0
0
0
0
0
0
0
0
0
0
0
0
0
0
0
0
0
0
0
0
0
0
0
0
0
0
0
0
0
0
0
0
0
0
0
1 3453
0
0
0
0
0
0
0
0
0
0
0
0
0
0
0
0
2 922 7654
0
0
0
0
0
0
0
0
0
0
0
0
0
0
0
0
0
0
0
1 759
0
0
0
1 3900
0
0
0
0
0
0
1 4642
0
0
0
1 793
0
0
0
0
0
0
0
0
0
0
0
0
0
0
0
0
0
0
0
0
0
0
0
0
0
0
0
0
0
0
0
0
0
0
0
0
0
0
0
0
0
0
0
0
0
0
0
0
0
0
0
0
0
0
0
0
0
1 1255
0
0
0
0
0
0
0
0
0
0
0
0
0
0
0
0
0
0
0
0
0
0
0
0
0
0
0
0
1 5195
0
0
0
0
0
0
0
0
0
0
0
0
0
0
0
0
0
0
0
0
0
0
0
0
1 4221
1 3894
0
0
0
0
0
2 3363 5380
0
0
0
0
0
0
0
0
0
0
0
0
0
0
0
0
0
0
0
0
0
0
0
0
0
0
0
0
0
0
0
1 1942
0
0
0
0
0
0
0
0
0
0
0
0
0
0
0
0
0
1 543
0
0
0
0
0
0
0
0
0
0
0
0
0
0
0
0
0
0
0
0
1 4969
0
0
0
0
0
0
0
0
1 6280
0
0
0
0
0
0
0
0
0
0
0
0
0
0
0
0
0
0
0
0
0
0
0
0
0
0
0
0
0
0
0
0
0
0
0
0
0
0
0
0
0
0
0
0
0
0
0
0
0
0
0
0
0
0
0
0
0
0
0
0
0
0
0
0
0
0
0
0
0
0
0
0
0
0
0
0
0
0
0
0
0
0
0
0
0
1 3306
0
0
0
0
0
0
0
8 1336 1868 3720 3732 4960 5087 5111 5207
0
1 4751
0
0
0
0
0
0
0
0
0
0
0
0
0
0
0
0
0
0
0
0
0
0
1 7937
0
0
0
0
0
0
0
0
0
0
1 827
0
0
0
0
0
0
0
0
0
0
0
0
0
0
0
0
0
0
0
0
0
0
0
0
0
0
0
0
0
0
0
0
0
0
0
0
0
0
0
0
0
0
0
0
0
1 4249
0
0
0
0
0
0
0
1 3996
0
0
0
0
0
0
0
0
0
0
0
0
0
0
0
0
0
0
0
0
0
0
0
0
1 4548
0
0
0
0
0
0
0
0
0
0
0
2 1241 4206
0
2 2942 5247
0
0
0
0
0
0
0
1 7181
0
0
0
0
0
0
0
0
0
0
0
0
0
0
0
0
0
0
0
0
0
0
0
0
0
0
0
0
0
0
0
0
0
1 3107
2 1948 6586
0
0
0
0
0
1 5161
0
0
0
0
0
0
0
0
1 4095
0
1 5650
0
0
0
0
0
0
0
0
0
0
1 7772
0
0
0
0
0
0
0
0
0
0
0
0
0
0
0
0
0
0
0
1 365
0
0
0
0
0
0
0
1 4790
0
0
0
0
0
0
0
0
0
0
0
0
0
0
0
0
0
0
1 7711
0
0
0
0
1 432
1 1672
0
0
0
0
0
0
0
0
0
0
0
0
0
0
0
0
0
0
0
0
0
0
0
0
0
0
0
0
0
0
0
0
0
0
0
0
0
0
0
0
0
0
0
0
0
0
0
0
0
0
0
0
0
0
0
0
0
0
0
0
0
0
0
0
0
0
0
0
0
0
0
0
0
0
0
0
0
0
0
0
0
0
0
0
0
0
0
0
0
0
0
0
0
0
0
0
0
0
0
0
1 7562
0
0
0
0
0
0
0
0
1 5758
0
0
0
0
0
0
0
0
0
0
0
0
0
0
0
0
0
0
0
0
0
0
0
0
0
0
0
0
0
0
0
0
0
0
0
0
0
0
0
0
0
0
0
0
0
0
0
0
0
0
0
0
0
0
0
0
0
0
0
0
0
0
0
0
0
0
0
0
0
0
0
1 2008
0
0
0
0
0
0
1 1643
0
1 6271
0
0
0
0
0
0
0
1 564
1 2437
0
0
0
0
0
0
0
0
0
0
0
0
0
0
0
0
0
0
0
0
0
0
0
0
0
0
0
0
0
0
0
0
0
0
0
0
0
0
1 1736
0
0
0
0
0
0
0
0
0
0
0
0
0
0
0
0
0
0
0
0
0
0
0
0
0
0
0
0
0
0
1 6778
0
0
0
0
0
0
0
0
0
0
0
0
0
0
0
0
0
0
0
0
0
0
0
0
0
0
0
0
0
0
0
0
0
0
0
0
0
0
0
1 930
0
0
0
1 476
0
0
0
0
0
0
0
0
0
0
0
0
0
0
0
0
0
0
0
0
0
0
0
0
0
0
0
0
0
0
0
0
0
0
0
0
0
0
0
0
0
0
0
1 4968
0
0
0
0
0
0
0
0
0
0
0
0
0
0
0
0
0
0
0
0
0
0
0
0
0
0
0
0
0
0
1 7736
0
0
0
0
0
0
0
0
0
0
0
0
0
0
0
0
0
0
0
0
0
0
0
0
0
0
0
0
0
0
0
0
0
0
0
0
0
0
0
0
0
0
0
0
0
0
0
0
0
0
0
0
0
0
0
0
0
0
0
0
1 6266
0
0
0
0
0
0
0
0
0
0
0
0
1 1055
0
0
0
0
0
1 4286
0
0
0
0
0
0
0
0
0
0
0
0
0
0
0
0
0
0
0
0
0
0
0
0
0
0
0
0
0
0
0
1 7735
0
0
0
0
0
0
0
0
0
0
0
0
0
0
0
0
0
0
0
0
0
0
0
0
0
0
0
0
0
0
0
0
0
0
0
0
0
0
0
0
0
0
0
0
0
0
0
0
2 1319 2635
0
0
0
0
1 896
0
0
0
0
1 4459
0
0
0
0
0
0
0
0
0
0
0
0
0
0
0
0
0
3 1659 2468 6700
0
0
0
0
0
0
0
0
0
0
0
0
0
0
0
0
0
0
0
0
0
0
0
0
0
0
0
0
0
0
0
0
0
0
0
0
0
0
0
0
0
0
0
0
0
0
0
0
0
0
0
0
0
0
0
0
0
0
0
0
0
0
0
0
0
0
0
0
0
0
0
0
0
0
0
0
0
0
0
0
1 338
0
0
0
0
0
0
0
0
0
0
1 2298
0
0
0
0
0
0
0
0
1 5420
0
0
0
0
0
0
0
0
1 13
0
0
0
0
0
0
0
0
0
0
0
0
0
0
0
0
0
0
0
0
0
0
0
0
0
0
0
0
0
0
0
0
0
0
0
0
0
0
0
0
0
0
0
0
0
0
0
0
0
0
0
0
0
0
0
0
0
0
0
0
0
0
0
0
0
0
0
0
0
0
0
0
0
0
0
0
0
0
0
0
0
0
0
0
0
0
0
1 1709
0
0
0
0
0
0
0
0
0
0
0
1 5309
0
0
0
0
0
1 6013
0
0
0
0
0
0
0
0
0
0
0
0
0
0
0
0
0
0
0
0
0
0
0
0
0
0
0
0
0
0
0
0
1 3769
0
0
0
0
0
0
0
0
0
0
0
0
0
0
0
0
2 4851 4859
0
0
0
0
0
0
0
0
0
0
0
0
0
0
1 293
0
0
0
0
0
0
0
0
0
0
0
0
0
0
0
0
0
0
0
0
0
0
0
0
0
0
0
0
0
0
0
0
0
0
0
0
0
0
0
0
0
0
0
0
0
0
0
0
0
0
0
0
1 7339
0
0
0
0
0
0
0
