1 8423
1 1152
1 17676
1 17637
1 12360
1 11477
1 12109
1 17647
1 17667
1 9769
1 7495
1 18342
1 5403
1 14121
1 10458
1 7495
1 8418
1 9560
1 9140
1 11571
1 12082
1 7304
1 8730
1 9603
1 6842
1 754
1 10003
1 18632
1 3373
1 8150
1 10489
1 10003
1 9758
1 16950
1 9560
1 12019
1 12782
1 11430
1 17667
1 8401
1 9560
1 7495
1 5436
1 15237
1 9076
1 9560
1 7559
1 15317
1 2310
1 4562
1 16606
1 2037
1 1007
1 12254
1 2939
1 10017
1 8747
1 3233
1 7032
1 18316
1 6470
1 17661
1 8418
1 14268
1 4561
1 7495
1 16949
1 9718
1 17290
1 17667
1 8463
1 6578
1 5935
1 12019
1 2037
1 9695
1 14256
1 2310
1 16443
1 7552
1 18975
1 10344
1 16939
1 1278
1 10832
1 4376
1 9603
1 12653
1 9560
1 11362
1 11773
1 6630
1 468
1 10489
1 9763
1 12666
1 10003
1 7123
1 6470
1 8268
1 10458
1 7121
1 8747
1 10458
1 17675
1 10489
1 2623
1 754
1 16939
1 12782
1 3319
1 10983
1 13662
1 7970
1 18358
1 12072
1 15498
1 111
1 13899
1 15235
1 10458
1 12019
1 5261
1 17138
1 8949
1 16949
1 7552
1 6578
1 7552
1 15695
1 3233
1 10458
1 19006
1 17636
1 6300
1 7552
1 2310
1 17667
1 6868
1 12044
1 7123
1 14121
1 19044
1 18326
1 16949
1 6293
1 16639
1 10490
1 7495
1 16949
1 13392
1 17032
1 7552
1 15862
1 18116
1 7495
1 315
1 755
1 8268
1 14256
1 7484
1 754
1 4763
1 4368
1 16950
1 17358
1 2550
1 10561
1 7563
1 3890
1 13705
1 1999
1 10516
1 7552
1 5928
1 14267
1 15809
1 9336
1 2623
1 5433
1 17674
1 8418
1 5433
1 9691
1 117
1 16939
1 18246
1 18326
1 2101
1 11686
1 8262
1 3266
1 1152
1 15824
1 17021
1 16939
1 3233
1 18779
1 315
1 14918
1 5435
1 14563
1 15658
1 5872
1 5435
1 13418
1 2906
1 17593
1 4606
1 14252
1 13461
1 17290
1 18315
1 4613
1 13951
1 1235
1 7381
1 3486
1 13686
1 2037
1 17816
1 12638
1 9496
1 2989
1 4408
1 117
1 12638
1 9295
1 5105
1 1235
1 18326
1 13471
1 3266
1 14121
1 13373
1 16706
1 10003
1 16950
1 11764
1 14149
1 977
1 5269
1 15962
1 16939
1 14918
1 3233
1 4357
1 3233
1 315
1 18342
1 10256
1 15661
1 10910
1 7495
1 10003
1 17594
1 3233
1 9496
1 4069
1 4873
1 16443
1 13021
1 7497
1 7326
1 4314
1 5872
1 4357
1 10983
1 10698
1 3233
1 17667
1 5929
1 17481
1 7563
1 17003
1 13599
1 17337
1 7495
1 13925
1 4012
1 754
1 7552
1 8482
1 10458
1 4265
1 15243
1 4406
1 13922
1 5699
1 14917
1 17816
1 7278
1 9236
1 17120
1 75
1 3888
1 3233
1 7278
1 263
1 16939
1 4680
1 10675
1 6801
1 3918
1 75
1 5273
1 18985
1 13652
1 8760
1 4195
1 315
1 10458
1 6300
1 13953
1 16071
1 9433
1 3233
1 18315
1 10099
1 14755
1 10017
1 4328
1 15824
1 16334
1 10983
1 6578
1 5983
1 8747
1 10458
1 17645
1 8541
1 15347
1 15655
1 9603
1 3815
1 14585
1 6470
1 9691
1 10722
1 9806
1 6436
1 6578
1 11640
1 8747
1 12349
1 657
1 10983
1 14727
1 13461
1 15703
1 189
1 13606
1 1763
1 1367
1 7552
1 9901
1 5983
1 240
1 10458
1 9335
1 18884
1 16931
1 9621
1 13165
1 1020
1 10789
1 11900
1 6300
1 16950
1 4637
1 8124
1 17222
1 8747
1 3065
1 9704
1 8747
1 13599
1 3618
1 7563
1 11371
1 18315
1 7495
1 17761
1 16949
1 18343
1 15376
1 2989
1 2101
1 4483
1 17645
1 4805
1 4876
1 15115
1 1399
1 8243
1 10688
1 15141
1 13599
1 10800
1 18934
1 1453
1 15870
1 4613
1 1453
1 18934
1 825
1 9603
1 14911
1 8289
1 240
1 9433
1 11721
1 4337
1 16949
1 6871
1 4357
1 18326
1 3266
1 5983
1 3516
1 7503
1 1775
1 8940
1 10394
1 10810
1 10983
1 14308
1 17885
1 16838
1 11368
1 13471
1 4027
1 1284
1 9763
1 17003
1 4027
1 9771
1 17601
1 18371
1 2934
1 6388
1 8747
1 11981
1 12601
1 3516
1 13651
1 9028
1 7527
1 10344
1 117
1 14671
1 18615
1 16949
1 11588
1 11014
1 10017
1 16155
1 754
1 18779
1 5980
1 12349
1 4483
1 16950
1 15014
1 15376
1 17337
1 14917
1 2814
1 17404
1 12251
1 7121
1 14846
1 6868
1 9335
1 3066
1 17134
1 12212
1 2460
1 13021
1 17624
1 3808
1 4026
1 18118
1 12270
1 2460
1 10217
1 13189
1 1049
1 7495
1 3266
1 1861
1 3233
1 18884
1 7518
1 5980
1 11148
1 17254
1 1453
1 3815
1 9011
1 5440
1 2305
1 12715
1 6801
1 4069
1 2542
1 4395
1 2520
1 16939
1 10143
1 3070
1 7690
1 14992
1 15437
1 10931
1 16840
1 1453
1 18315
1 13183
1 3815
1 16443
1 14883
1 1152
1 9074
1 3911
1 9194
1 8268
1 9901
1 6065
1 18221
1 5403
1 16949
1 10983
1 754
1 4873
1 19008
1 13392
1 6297
1 4023
1 9752
1 17594
1 11148
1 17767
1 16133
1 8124
1 116
1 1235
1 5383
1 7278
1 3815
1 13471
1 1861
1 3266
1 14535
1 13461
1 15707
1 17667
1 1396
1 7527
1 14308
1 6465
1 17337
1 3067
1 10810
1 17825
1 1483
1 10983
1 9140
1 4613
1 3346
1 10698
1 5252
1 13734
1 15987
1 7089
1 9901
1 4613
1 18316
1 9773
1 18265
1 416
1 11040
1 16688
1 8289
1 17514
1 3815
1 10344
1 7949
1 4702
1 17890
1 16443
1 5252
1 5872
1 17761
1 2406
1 14252
1 5079
1 6266
1 3163
1 17120
1 12941
1 7252
1 9422
1 11473
1 10983
1 15317
1 7026
1 17954
1 7552
1 15987
1 18265
1 18371
1 13734
1 6801
1 10895
1 3890
1 4542
1 17514
1 755
1 7460
1 16582
1 9074
1 6300
1 18704
1 2985
1 8401
1 11626
1 5980
1 4023
1 11362
1 3197
1 3516
1 13651
1 12095
1 5273
1 18085
1 10954
1 16602
1 7726
1 18316
1 7682
1 3719
1 13925
1 17890
1 11640
1 1591
1 1741
1 18027
1 11860
1 842
1 9236
1 5983
1 11790
1 12235
1 11447
1 116
1 12103
1 7552
1 3329
1 5980
1 12450
1 18615
1 18178
1 15130
1 12109
1 1212
1 16838
1 7322
1 3566
1 17018
1 10745
1 18330
1 16111
1 17
1 18825
1 75
1 13929
1 7872
1 3353
1 15562
1 2031
1 17
1 7288
1 6300
1 15656
1 8289
1 18615
1 2542
1 3516
1 18330
1 7552
1 3116
1 6211
1 16904
1 5237
1 11275
1 11663
1 14744
1 16369
1 13808
1 17680
1 19053
1 2933
1 17954
1 9455
1 4097
1 5322
1 13923
1 16377
1 9620
1 14671
1 7552
1 16443
1 9741
1 12653
1 7518
1 13310
1 8035
1 10983
1 15655
1 18902
1 538
1 13973
1 17068
1 8124
1 16443
1 6430
1 11473
1 11680
1 1696
1 226
1 15094
1 5383
1 3929
1 10344
1 18330
1 19038
1 16939
1 18708
1 6525
1 18510
1 9691
1 15369
1 17767
1 4885
1 8396
1 17480
1 3373
1 17
1 7428
1 841
1 15884
1 2305
1 3365
1 19083
1 13471
1 11193
1 739
1 7912
1 1197
1 15344
1 12122
1 13350
1 7940
1 13151
1 10789
1 18016
1 12653
1 14830
1 8747
1 8940
1 16931
1 17
1 5440
1 12450
1 12562
1 8482
1 10398
1 6594
1 13951
1 12519
1 9076
1 3916
1 11663
1 18597
1 9722
1 3911
1 9295
1 15672
1 11154
1 17018
1 13990
1 4366
1 12957
1 18330
1 13706
1 13951
1 16931
1 5228
1 864
1 10627
1 17113
1 3900
1 13418
1 17404
1 6507
1 10514
1 17870
1 18326
1 11971
1 18044
1 12075
1 13808
1 14149
1 15462
1 18326
1 12447
1 75
1 7552
1 1591
1 5356
1 8681
1 2758
1 10302
1 3232
1 9657
1 9901
1 7552
1 695
1 15180
1 17208
1 1023
1 15591
1 9719
1 15987
1 10297
1 16931
1 2623
1 16303
1 12715
1 3266
1 5562
1 17816
1 11680
1 2101
1 18789
1 12948
1 19053
1 5475
1 9073
1 5983
1 4817
1 11692
1 13734
1 15317
1 3241
1 17540
1 3266
1 17663
1 17387
1 14671
1 144
1 6297
1 4613
1 16473
1 11680
1 755
1 6211
1 3238
1 3043
1 14302
1 5980
1 12673
1 13955
1 9467
1 11154
1 17571
1 1020
1 6648
1 19053
1 18708
1 9440
1 15695
1 7769
1 13875
1 5980
1 18948
1 6978
1 16813
1 11680
1 5235
1 754
1 16328
1 15695
1 15658
1 2305
1 4143
1 8183
1 9220
1 12447
1 16252
1 4273
1 2758
1 18281
1 11584
1 11256
1 17018
1 5014
1 10688
1 18118
1 9074
1 11663
1 18044
1 13418
1 15147
1 6217
1 4575
1 4071
1 2960
1 17672
1 17672
1 15707
1 9652
1 18080
1 11663
1 13675
1 15277
1 17870
1 1696
1 7878
1 10297
1 18328
1 9741
1 15214
1 12888
1 16443
1 11760
1 15739
1 8808
1 4070
1 17321
1 15459
1 17984
1 17982
1 6430
1 4337
1 10394
1 8747
1 19083
1 14224
1 2758
1 3066
1 15735
1 2649
1 17337
1 17194
1 6648
1 7026
1 15369
1 18996
1 10189
1 10057
1 18329
1 18518
1 6090
1 2590
1 18376
1 9295
1 18774
1 15862
1 18316
1 9050
1 11760
1 13599
1 11276
1 6582
1 13668
1 7278
1 6300
1 7503
1 13350
1 1895
1 8414
1 1138
1 5699
1 6966
1 5871
1 13194
1 7312
1 15532
1 9133
1 3916
1 11663
1 5383
1 37
1 16163
1 6470
1 15376
1 4791
1 117
1 17245
1 15376
1 4723
1 17767
1 16214
1 878
1 16521
1 17
1 13628
1 5521
1 15249
1 12075
1 4562
1 12681
1 4613
1 1086
1 1086
1 6605
1 3221
1 4505
1 7692
1 101
1 17556
1 313
1 11018
1 5374
1 2872
1 13651
1 11981
1 16853
1 5782
1 6005
1 9718
1 6409
1 10881
1 18416
1 4463
1 12590
1 13466
1 4366
1 9072
1 2762
1 9725
1 11275
1 13216
1 582
1 16750
1 13756
1 9382
1 5783
1 11860
1 2872
1 117
1 17781
1 190
1 18573
1 17387
1 9756
1 12128
1 17954
1 13324
1 5320
1 2406
1 9741
1 13481
1 18330
1 10459
1 16443
1 1503
1 8352
1 6868
1 18615
1 13756
1 13756
1 18118
1 75
1 3815
1 8253
1 8268
1 18330
1 4791
1 7389
1 13922
1 7091
1 14256
1 16476
1 16777
1 8676
1 15369
1 15369
1 10763
1 1086
1 11076
1 18330
1 12115
1 18699
1 9207
1 881
1 117
1 13366
1 14963
1 6758
1 12009
1 12009
1 878
1 2276
1 3638
1 3858
1 18518
1 10881
1 10626
1 1390
1 12877
1 4613
1 9357
1 4818
1 13008
1 8760
1 17962
1 9657
1 11195
1 7246
1 3948
1 1827
1 4017
1 10858
1 15778
1 17863
1 3346
1 3197
1 1854
1 13418
1 11663
1 127
1 9295
1 14254
1 17018
1 4649
1 17954
1 11148
1 7681
1 13471
1 9433
1 15350
1 11014
1 18397
1 17226
1 14111
1 17859
1 3890
1 16460
1 4873
1 11683
1 4023
1 18041
1 7672
1 14722
1 4613
1 14651
1 14630
1 7026
1 8562
1 9499
1 12712
1 1007
1 10357
1 15350
1 5409
1 10889
1 9366
1 2529
1 18330
1 5235
1 16904
1 12254
1 3461
1 2277
1 5729
1 18326
1 11387
1 6630
1 9076
1 9340
1 6428
1 1086
1 9769
1 4071
1 17674
1 7555
1 7422
1 4063
1 4395
1 6518
1 14671
1 5908
1 12127
1 17057
1 10232
1 12128
1 7337
1 3241
1 1998
1 3649
1 17018
1 14821
1 6605
1 15656
1 11663
1 18446
1 4027
1 226
1 13471
1 9295
1 4637
1 264
1 13709
1 15369
1 7690
1 16113
1 9277
1 15560
1 9295
1 1854
1 15443
1 8268
1 18265
1 15802
1 8268
1 17
1 18221
1 10698
1 7211
1 8401
1 2872
1 15661
1 1943
1 18396
1 1284
1 15987
1 3241
1 17767
1 403
1 17870
1 18116
1 4763
1 11614
1 2700
1 14275
1 18006
1 2277
1 7519
1 13756
1 8266
1 9718
1 8352
1 7497
1 12664
1 10942
1 1161
1 16742
1 17
1 16939
1 10084
1 16473
1 17287
1 3241
1 11333
1 7726
1 4873
1 14247
1 15778
1 17761
1 17033
1 4637
1 17594
1 13461
1 8268
1 8353
1 19013
1 15771
1 14858
1 9657
1 9356
1 13824
1 1741
1 12924
1 11499
1 15369
1 13599
1 13605
1 16939
1 9657
1 11091
1 10697
1 15771
1 17767
1 4769
1 12782
1 7337
1 16228
1 14918
1 7701
1 14061
1 12478
1 18330
1 11138
1 2203
1 13324
1 13935
1 10552
1 11542
1 18379
1 13471
1 8553
1 6388
1 14671
1 10688
1 8147
1 16211
1 17470
1 18518
1 18704
1 4337
1 11769
1 782
1 10272
1 5868
1 1097
1 5983
1 10189
1 9756
1 4542
1 7314
1 4027
1 17
1 4744
1 17791
1 1980
1 17863
1 19113
1 18774
1 2277
1 7626
1 14853
1 17032
1 1958
1 7495
1 607
1 10189
1 10739
1 315
1 16138
1 12209
1 13967
1 17662
1 226
1 10344
1 16939
1 9592
1 9057
1 17285
1 8155
1 8977
1 13869
1 9093
1 4702
1 2949
1 16562
1 3266
1 4769
1 1112
1 10697
1 2257
1 18178
1 13605
1 4356
1 19006
1 11556
1 18398
1 2623
1 1107
1 8268
1 17781
1 1097
1 607
1 13418
1 17667
1 5429
1 7701
1 9785
1 4603
1 9433
1 13461
1 18796
1 6829
1 17761
1 8267
1 754
1 17710
1 4613
1 12681
1 17594
1 12384
1 11556
1 8248
1 9657
1 18265
1 2305
1 15961
1 18740
1 17783
1 13715
1 18631
1 9687
1 7281
1 1399
1 18510
1 9687
1 18792
1 5433
1 17863
1 7281
1 6623
1 10357
1 13736
1 4483
1 13953
1 13615
1 16949
1 16902
1 13558
1 16613
1 8352
1 4769
1 12681
1 2873
1 9657
1 6605
1 5306
1 4017
1 1159
1 1086
1 4142
1 17315
1 4566
1 2542
1 18198
1 5719
1 10479
1 11059
1 17015
1 7698
1 16939
1 2209
1 1471
1 12025
1 4708
1 4137
1 117
1 7563
1 14358
1 17
1 5311
1 2490
1 15699
1 14881
1 11680
1 10073
1 1280
1 15735
1 2065
1 5935
1 403
1 12768
1 5475
1 7190
1 2020
1 10073
1 5249
1 13372
1 11243
1 18782
1 821
1 14671
1 17404
1 3815
1 695
1 11918
1 15374
1 8916
1 7692
1 17540
1 2490
1 5494
1 17982
1 1159
1 12509
1 11513
1 4562
1 2305
1 17911
1 1197
1 12653
1 13191
1 11683
1 14428
1 14038
1 8808
1 13315
1 15772
1 13974
1 13605
1 6590
1 2126
1 15987
1 4324
1 13298
1 14738
1 6196
1 18632
1 8268
1 7225
1 17891
1 8485
1 13471
1 18529
1 12624
1 96
1 9162
1 9569
1 9616
1 2065
1 9868
1 936
1 13475
1 5550
1 13192
1 2070
1 5260
1 10806
1 15369
1 1086
1 2822
1 11758
1 7518
1 8808
1 17562
1 4708
1 315
1 9133
1 9499
1 4791
1 8305
1 17710
1 3221
1 16170
1 3039
1 11195
1 13110
1 9464
1 11014
1 285
1 2206
1 14740
1 18118
1 15355
1 12769
1 13170
1 179
1 4613
1 14554
1 18847
1 7327
1 13512
1 75
1 4079
1 6792
1 3066
1 15503
1 1151
1 11663
1 11658
1 16949
1 2907
1 16949
1 9603
1 18326
1 18898
1 4483
1 2822
1 14963
1 5274
1 3158
1 7278
1 9620
1 11680
1 266
1 9901
1 4160
1 12519
1 15656
1 8155
1 14542
1 2872
1 4613
1 17139
1 4613
1 10828
1 15920
1 11584
1 6015
1 10952
1 675
1 17666
1 5983
1 17213
1 16949
1 11680
1 3116
1 4483
1 9133
1 2374
1 16593
1 15376
1 10394
1 4018
1 483
1 18704
1 9432
1 16473
1 18316
1 16750
1 5349
1 12223
1 5433
1 17575
1 8039
1 1299
1 582
1 8268
1 3087
1 13471
1 17009
1 12450
1 8124
1 9431
1 16038
1 8940
1 574
1 4810
1 4637
1 11387
1 4097
1 1634
1 16443
1 16777
1 17898
1 2623
1 9133
1 13703
1 10514
1 14109
1 18876
1 17113
1 13261
1 15222
1 13953
1 10708
1 12230
1 18997
1 18158
1 13913
1 9309
1 12518
1 1747
1 17483
1 1255
1 15157
1 7616
1 1147
1 1256
1 15014
1 3000
1 17595
1 12755
1 3000
1 6117
1 14344
1 4023
1 17768
1 14121
1 10942
1 18952
1 15635
1 5562
1 217
1 18017
1 7101
1 13512
1 16939
1 8808
1 6427
1 10433
1 17452
1 3692
1 7070
1 3000
1 19053
1 878
1 17664
1 15277
1 17963
1 19051
1 16750
1 5627
1 14121
1 12550
1 9657
1 1161
1 16374
1 14149
1 6263
1 8401
1 11804
1 7561
1 522
1 14160
1 9657
1 13706
1 2150
1 5113
1 16527
1 9692
1 14350
1 18221
1 11521
1 7495
1 17571
1 3953
1 10348
1 3775
1 6868
1 14962
1 18328
1 19106
1 17870
1 9657
1 13324
1 12547
1 15376
1 11683
1 8124
1 1086
1 9008
1 15355
1 1181
1 2370
1 1867
1 14962
1 2150
1 13336
1 3279
1 16949
1 15328
1 8124
1 5967
1 2309
1 13652
1 12149
1 17429
1 17207
1 8169
1 616
1 1060
1 4613
1 4708
1 1747
1 2529
1 2150
1 8512
1 5913
1 14988
1 4071
1 15967
1 8867
1 8808
1 3382
1 12439
1 15826
1 8916
1 11764
1 2396
1 17242
1 3614
1 3516
1 3516
1 15531
1 15277
1 5512
1 4518
1 12447
1 773
1 9886
1 2400
1 12848
1 13929
1 17207
1 17954
1 4805
1 8827
1 17890
1 7495
1 3125
1 3516
1 8583
1 7018
1 9741
1 10344
1 8541
1 2181
1 11945
1 11804
1 10171
1 15198
1 16424
1 8729
1 14036
1 15714
1 1037
1 11663
1 2960
1 17748
1 4637
1 1757
1 7130
1 15987
1 16602
1 2542
1 17100
1 17100
1 5457
1 9709
1 10
1 3266
1 15819
1 17539
1 516
1 3842
1 5392
1 18398
1 9133
1 12256
1 12673
1 2623
1 607
1 2760
1 9443
1 262
1 7495
1 471
1 6409
1 7018
1 5176
1 9499
1 9338
1 11502
1 10285
1 15964
1 1316
1 3686
1 17245
1 8147
1 8268
1 9133
1 7518
1 8808
1 17507
1 4214
1 17565
1 16109
1 3885
1 6293
1 17885
1 15310
1 4851
1 16939
1 7518
1 2305
1 16431
1 3493
1 14028
1 7725
1 6868
1 9207
1 17885
1 11680
1 14612
1 17748
1 695
1 8610
1 9758
1 1795
1 18017
1 18976
1 16939
1 7343
1 11247
1 12269
1 7179
1 8226
1 6648
1 16802
1 18625
1 4805
1 5868
1 7698
1 12965
1 10884
1 16909
1 12292
1 5782
1 955
1 14149
1 18188
1 6263
1 8118
1 4817
1 17530
1 12663
1 3365
1 16229
1 226
1 3266
1 6496
1 1519
1 2393
1 13216
1 9236
1 13943
1 5286
1 8616
1 11796
1 15007
1 2629
1 12965
1 18316
1 4023
1 729
1 3060
1 1112
1 5021
1 6868
1 6179
1 8138
1 4854
1 16573
1 8497
1 10552
1 10357
1 863
1 9207
1 15196
1 2477
1 16214
1 17518
1 14358
1 9072
1 10063
1 179
1 17767
1 13578
1 1299
1 11680
1 11683
1 18489
1 4627
1 9657
1 1514
1 1107
1 14745
1 13686
1 17890
1 8268
1 18669
1 17667
1 17572
1 15578
1 807
1 17767
1 13174
1 3353
1 434
1 16608
1 7291
1 10192
1 13366
1 3087
1 12172
1 1398
1 9741
1 3266
1 5105
1 2426
1 4285
1 16939
1 18326
1 15735
1 4782
1 8169
1 1086
1 14744
1 17519
1 13298
1 17245
1 7788
1 8845
1 13350
1 15198
1 10721
1 9802
1 2113
1 10457
1 14
1 5560
1 4714
1 16528
1 1572
1 7495
1 15500
1 12335
1 8118
1 873
1 15083
1 3815
1 4137
1 18633
1 4542
1 780
1 5485
1 10841
1 17004
1 11663
1 9569
1 15927
1 13688
1 38
1 1747
1 968
1 18183
1 4879
1 17954
1 5908
1 5928
1 12335
1 9672
1 17767
1 9546
1 2982
1 4376
1 10846
1 1503
1 1278
1 16950
1 15283
1 12732
1 2843
1 11663
1 9748
1 18812
1 11062
1 15130
1 18509
1 9672
1 6199
1 5429
1 5318
1 10903
1 14931
1 3355
1 16939
1 15355
1 1483
1 15770
1 4454
1 16939
1 11387
1 2795
1 5600
1 1345
1 15905
1 13382
1 8833
1 17311
1 13372
1 3739
1 5803
1 12028
1 12085
1 9672
1 4575
1 12818
1 12450
1 456
1 12725
1 5807
1 16618
1 110
1 16939
1 11652
1 3910
1 11315
1 9461
1 19006
1 5908
1 7728
1 8118
1 2131
1 15314
1 16582
1 16621
1 10285
1 3563
1 17211
1 456
1 18510
1 2305
1 12924
1 9497
1 4715
1 3638
1 5332
1 893
1 17476
1 15182
1 456
1 16827
1 11114
1 8124
1 226
1 18293
1 6533
1 18825
1 8039
1 13651
1 1345
1 226
1 10119
1 14725
1 2233
1 10150
1 12850
1 18329
1 17870
1 18541
1 1387
1 11413
1 17748
1 17245
1 17767
1 1186
1 10357
1 3266
1 16582
1 18371
1 10022
1 8289
1 4903
1 14531
1 18573
1 15317
1 15014
1 15967
1 17870
1 17885
1 7554
1 13615
1 4702
1 2980
1 12365
1 18003
1 10465
1 17320
1 5627
1 17591
1 16813
1 16742
1 17450
1 14957
1 10576
1 14268
1 2370
1 14326
1 3125
1 11663
1 15839
1 18229
1 17257
1 2069
1 10794
1 5749
1 3715
1 5677
1 10091
1 12993
1 9434
1 6174
1 19045
1 13334
1 555
1 9802
1 13382
1 2116
1 7826
1 12813
1 12931
1 2400
1 16254
1 15317
1 4542
1 144
1 17191
1 14353
1 9657
1 6704
1 8474
1 12163
1 7900
1 15290
1 18547
1 2703
1 5611
1 559
1 4350
1 4402
1 17662
1 13922
1 17402
1 8164
1 75
1 8124
1 8107
1 9711
1 10995
1 14003
1 13440
1 14443
1 4873
1 6881
1 6350
1 451
1 7824
1 6031
1 6758
1 6023
1 5150
1 198
1 6605
1 8530
1 17863
1 876
1 5258
1 9944
1 2880
1 11874
1 10119
1 8768
1 3627
1 18820
1 5962
1 8940
1 4791
1 17456
1 16575
1 17761
1 9139
1 6112
1 6150
1 8470
1 11760
1 8520
1 13070
1 8831
1 10297
1 908
1 12939
1 7726
1 2326
1 3386
1 17779
1 8339
1 9364
1 2998
1 1325
1 17799
1 18488
1 9603
1 5577
1 9319
1 8474
1 12492
1 5538
1 4243
1 15311
1 3815
1 17698
1 5741
1 15967
1 8891
1 362
1 18890
1 3266
1 2305
1 14542
1 5763
1 1565
1 19045
1 3223
1 50
1 5252
1 16575
1 18158
1 15345
1 14413
1 6833
1 3944
1 8118
1 8147
1 15680
1 12065
1 7294
1 11940
1 18679
1 5611
1 16386
1 18616
1 6756
1 8226
1 442
1 15157
1 14703
1 6031
1 5588
1 8831
1 14385
1 5983
1 490
1 15735
1 582
1 5722
1 16838
1 13366
1 8449
1 955
1 6784
1 5090
1 6466
1 226
1 5159
1 5311
1 8541
1 7803
1 727
1 17775
1 12525
1 9718
1 12816
1 14776
1 12525
1 17644
1 10540
1 2998
1 4903
1 2426
1 9499
1 18378
1 19155
1 13413
1 4483
1 13738
1 13366
1 8449
1 13993
1 14353
1 6841
1 14881
1 10357
1 10489
1 19008
1 7278
1 4018
1 8263
1 18371
1 10357
1 1025
1 5722
1 5722
1 10978
1 7892
1 4458
1 607
1 9207
1 15549
1 5722
1 14789
1 18378
1 17227
1 2578
1 17245
1 5722
1 15748
1 50
1 8643
1 5439
1 11683
1 15352
1 14789
1 2419
1 10455
1 5193
1 10081
1 8063
1 5193
1 8474
1 6409
1 12270
1 18788
1 12904
1 17991
1 4702
1 9691
1 14323
1 5729
1 17
1 19115
1 17698
1 17552
1 11663
1 14385
1 15967
1 12814
1 15836
1 5274
1 9692
1 4523
1 10698
1 13324
1 1696
1 2276
1 12034
1 10490
1 16939
1 13106
1 1241
1 13324
1 8777
1 8643
1 4130
1 12990
1 41
1 8738
1 14446
1 7278
1 6344
1 6787
1 10903
1 10302
1 928
1 9693
1 6624
1 4777
1 3676
1 1714
1 8745
1 5984
1 4523
1 9411
1 14556
1 17552
1 17079
1 13143
1 4510
1 14514
1 5382
1 8615
1 11826
1 6716
1 8118
1 18627
1 5484
1 10357
1 16865
1 5880
1 10462
1 627
1 11351
1 11302
1 5010
1 4782
1 8118
1 7685
1 9295
1 15514
1 17006
1 5722
1 13334
1 4523
1 16595
1 7346
1 8185
1 5603
1 3182
1 8281
1 4495
1 18631
1 14661
1 4562
1 9657
1 12321
1 1921
1 12099
1 16843
1 16587
1 11584
1 3994
1 9783
1 16369
1 11542
1 16823
1 17
1 5433
1 14246
1 6518
1 3791
1 13803
1 11597
1 6518
1 17337
1 10619
1 5768
1 16296
1 9672
1 13929
1 18326
1 10601
1 1054
1 12673
1 7463
1 4084
1 511
1 774
1 2376
1 15375
1 1520
1 17767
1 16231
1 9113
1 13677
1 12128
1 9108
1 8862
1 17571
1 13184
1 4142
1 10782
1 4454
1 17908
1 16443
1 4790
1 10812
1 8808
1 16939
1 12405
1 8637
1 16482
1 11481
1 6367
1 18963
1 17767
1 8349
1 5908
1 12713
1 7594
1 15603
1 16939
1 842
1 3307
1 14033
1 16240
1 15369
1 8118
1 8761
1 5086
1 19053
1 16859
1 15355
1 7278
1 4677
1 8039
1 8449
1 9309
1 8394
1 16849
1 13924
1 6682
1 15355
1 1256
1 10887
1 11848
1 5983
1 14385
1 5983
1 6247
1 13418
1 3844
1 16510
1 12061
1 7618
1 3952
1 41
1 15124
1 5392
1 13121
1 607
1 11952
1 2542
1 11580
1 9022
1 17698
1 50
1 17476
1 15355
1 15045
1 3193
1 5652
1 941
1 4474
1 3815
1 19094
1 17483
1 12419
1 17004
1 14308
1 8827
1 14414
1 10867
1 7887
1 3266
1 12254
1 12901
1 11148
1 12838
1 2872
1 18615
1 5163
1 7320
1 2187
1 1920
1 11775
1 5983
1 5843
1 5983
1 16424
1 11775
1 12345
1 5289
1 15491
1 11174
1 1662
1 4984
1 2305
1 8401
1 18371
1 5843
1 12339
1 9882
1 12128
1 15077
1 11455
1 16730
1 12638
1 8170
1 9603
1 11014
1 19053
1 13336
1 17605
1 15347
1 4027
1 9672
1 16842
1 10903
1 9255
1 3355
1 17644
1 4613
1 18082
1 5890
1 1829
1 18156
1 13366
1 8719
1 2624
1 7340
1 7495
1 14063
1 4454
1 4782
1 8118
1 5074
1 17452
1 18898
1 17775
1 5155
1 9440
1 3709
1 7518
1 14232
1 10866
1 6518
1 11014
1 15703
1 13923
1 15829
1 5147
1 19052
1 3599
1 10066
1 10575
1 1499
1 16939
1 10683
1 12769
1 9718
1 4084
1 315
1 1567
1 2655
1 11861
1 16280
1 226
1 14356
1 607
1 15788
1 15028
1 10621
1 11848
1 4398
1 15428
1 2003
1 10077
1 13324
1 6978
1 17688
1 13194
1 11906
1 9722
1 1097
1 8474
1 8482
1 12439
1 10811
1 16955
1 3339
1 4024
1 12558
1 7278
1 2645
1 16859
1 1203
1 14844
1 315
1 17476
1 16251
1 17100
1 1097
1 6431
1 445
1 13461
1 3516
1 11579
1 3416
1 2460
1 11104
1 17322
1 5708
1 8118
1 10206
1 13826
1 1972
1 8474
1 4454
1 12405
1 5382
1 2623
1 14723
1 5588
1 5546
1 6634
1 10619
1 9721
1 1068
1 7513
1 8410
1 3482
1 12429
1 18934
1 15355
1 5514
1 5380
1 1043
1 5627
1 581
1 4027
1 15075
1 7915
1 16862
1 8268
1 15130
1 11779
1 1320
1 10759
1 6841
1 8482
1 18470
1 10297
1 15687
1 12399
1 4679
1 2328
1 16233
1 8232
1 955
1 14226
1 16939
1 14149
1 17146
1 5677
1 610
1 6344
1 9133
1 7190
1 17009
1 6222
1 6146
1 1003
1 14279
1 3994
1 14308
1 5475
1 14121
1 4435
1 15801
1 4880
1 16789
1 6121
1 8977
1 15014
1 11124
1 11640
1 7034
1 12146
1 388
1 4016
1 8164
1 16376
1 3958
1 6316
1 1256
1 3141
1 13461
1 15661
1 10486
1 14659
1 11589
1 6754
1 10601
1 16276
1 2298
1 618
1 8762
1 210
1 16331
1 477
1 8046
1 17255
1 4016
1 19137
1 4592
1 16535
1 4287
1 11170
1 4023
1 12966
1 13504
1 11921
1 17954
1 17698
1 15196
1 11275
1 17076
1 2408
1 9311
1 14042
1 3259
1 6039
1 5228
1 18291
1 2283
1 17730
1 17063
1 11352
1 2690
1 1061
1 2634
1 9476
1 9108
1 11261
1 17748
1 2529
1 11447
1 4287
1 6344
1 18861
1 12399
1 13287
1 10357
1 2629
1 13324
1 17730
1 4525
1 2950
1 12834
1 4136
1 17032
1 511
1 9657
1 5031
1 6716
1 1998
1 12450
1 16939
1 18996
1 4131
1 607
1 5179
1 11991
1 4048
1 8312
1 10465
1 8149
1 11192
1 8730
1 11135
1 9111
1 15509
1 16752
1 14694
1 7518
1 1799
1 13086
1 14768
1 9572
1 3066
1 225
1 6430
1 15967
1 8540
1 11663
1 14659
1 9603
1 4682
1 19094
1 3343
1 17540
1 11247
1 17991
1 1781
1 12965
1 6865
1 1936
1 12519
1 11663
1 2007
1 2905
1 6871
1 1482
1 4607
1 6282
1 2591
1 2305
1 9133
1 1073
1 6660
1 2463
1 9666
1 12061
1 648
1 5948
1 17730
1 1503
1 1098
1 9781
1 9621
1 7284
1 11975
1 11622
1 15342
1 242
1 10208
1 10310
1 11174
1 1345
1 4837
1 13095
1 8474
1 15961
1 16732
1 18042
1 16777
1 11089
1 5500
1 4287
1 13642
1 13826
1 3346
1 12118
1 17135
1 12424
1 19165
1 4009
1 8276
1 5659
1 3324
1 16431
1 6563
1 9173
1 12816
1 15760
1 16042
1 4287
1 14
1 4158
1 11014
1 6716
1 835
1 6716
1 4034
1 14028
1 10903
1 2229
1 955
1 8268
1 5872
1 18429
1 9173
1 4613
1 13489
1 3900
1 9173
1 4454
1 12895
1 17514
1 15328
1 7858
1 2558
1 11445
1 4082
1 8169
1 17450
1 719
1 12781
1 3515
1 9657
1 8797
1 17512
1 18326
1 10145
1 6471
1 5887
1 17
1 8268
1 18326
1 8289
1 18161
1 17730
1 2295
1 4821
1 6624
1 5815
1 16431
1 8808
1 4018
1 4467
1 11937
1 694
1 11237
1 11014
1 8658
1 10607
1 18867
1 13277
1 10946
1 10458
1 11089
1 12816
1 15981
1 5565
1 607
1 13418
1 2860
1 3370
1 1714
1 9201
1 9173
1 205
1 12675
1 2083
1 17870
1 11067
1 10096
1 12867
1 10732
1 14920
1 12867
1 1390
1 19006
1 6815
1 7875
1 18012
1 13166
1 19053
1 7489
1 13166
1 12896
1 10732
1 1033
1 15559
1 1033
1 16087
1 16607
1 17562
1 7671
1 8169
1 5986
1 10362
1 17328
1 1776
1 18662
1 13490
1 3005
1 315
1 3747
1 10732
1 12867
1 14920
1 1869
1 12003
1 1584
1 15130
1 14840
1 16865
1 8845
1 18885
1 1033
1 607
1 7490
1 16577
1 4791
1 16688
1 190
1 16194
1 150
1 14920
1 14004
1 7412
1 18533
1 12571
1 2573
1 1785
1 18858
1 14920
1 14965
1 17667
1 2641
1 16939
1 1033
1 2426
1 17870
1 538
1 226
1 3913
1 14121
1 9164
1 7632
1 14006
1 17870
1 4569
1 5329
1 17829
1 7535
1 18815
1 226
1 3791
1 16431
1 2723
1 346
1 13481
1 14965
1 14965
1 14475
1 4164
1 4314
1 10956
1 10463
1 1043
1 17
1 5627
1 4308
1 17667
1 10883
1 7739
1 7130
1 13923
1 12681
1 19148
1 10481
1 7015
1 6844
1 7739
1 14762
1 9251
1 3623
1 14893
1 3087
1 1097
1 11692
1 5208
1 4960
1 6466
1 7253
1 18455
1 9783
1 2655
1 1047
1 8817
1 14762
1 8616
1 895
1 14149
1 15765
1 1908
1 10540
1 6518
1 6737
1 17260
1 1565
1 3928
1 2060
1 19053
1 14893
1 10586
1 1498
1 16904
1 17870
1 17772
1 18376
1 15559
1 8269
1 18525
1 14680
1 1203
1 15231
1 13678
1 13722
1 17260
1 14304
1 3516
1 14992
1 9572
1 604
1 12705
1 13461
1 12675
1 9128
1 8296
1 16764
1 8268
1 15936
1 19053
1 14704
1 16715
1 17472
1 9038
1 11479
1 11181
1 12910
1 6104
1 17328
1 9558
1 17100
1 18237
1 4222
1 15015
1 12683
1 6320
1 667
1 4446
1 11775
1 3627
1 17730
1 2083
1 4454
1 6099
1 17151
1 15355
1 14699
1 5322
1 18876
1 17991
1 3516
1 3427
1 13507
1 14798
1 12857
1 2906
1 14639
1 18731
1 11267
1 17767
1 1885
1 4852
1 16298
1 13104
1 11267
1 15120
1 13261
1 9345
1 15060
1 2596
1 10739
1 1737
1 15094
1 1785
1 9108
1 12155
1 10326
1 14704
1 13490
1 9657
1 13471
1 13144
1 7015
1 10540
1 5497
1 4357
1 16956
1 2846
1 2472
1 9692
1 5433
1 16532
1 15705
1 8369
1 16489
1 13009
1 14006
1 16443
1 15831
1 4017
1 10383
1 2356
1 3111
1 14611
1 2643
1 5945
1 12681
1 17272
1 16131
1 3293
1 16355
1 11689
1 2285
1 15688
1 16939
1 8705
1 14554
1 10244
1 8616
1 12214
1 15297
1 18509
1 6011
1 2294
1 4078
1 18330
1 15553
1 4102
1 14063
1 6415
1 9857
1 4102
1 3066
1 1221
1 7192
1 6090
1 5047
1 7493
1 9283
1 3005
1 1412
1 12693
1 6364
1 50
1 8574
1 8263
1 2426
1 15237
1 4102
1 16312
1 12609
1 4454
1 8590
1 2111
1 14721
1 2799
1 16939
1 6356
1 8222
1 7846
1 56
1 17630
1 10711
1 8114
1 17863
1 7449
1 15369
1 2872
1 14028
1 16587
1 18723
1 8281
1 10832
1 10232
1 5442
1 2276
1 13960
1 12674
1 7887
1 1923
1 5933
1 11214
1 11940
1 16218
1 11405
1 3087
1 644
1 3901
1 3799
1 543
1 10901
1 13670
1 8087
1 7639
1 14061
1 7291
1 12621
1 7950
1 9753
1 6042
1 11775
1 18663
1 13443
1 13110
1 18028
1 667
1 10539
1 5908
1 10119
1 5525
1 11159
1 949
1 17664
1 15567
1 10520
1 1573
1 13652
1 14149
1 14810
1 8194
1 14881
1 11072
1 17260
1 2577
1 15122
1 7015
1 7287
1 4510
1 14704
1 4130
1 8497
1 3828
1 2661
1 14586
1 19053
1 14121
1 7253
1 629
1 445
1 4890
1 8713
1 5871
1 1345
1 3370
1 18703
1 13655
1 14260
1 2367
1 5312
1 1097
1 6724
1 11793
1 8553
1 13708
1 4533
1 11327
1 10319
1 14181
1 4454
1 5674
1 264
1 17799
1 4890
1 5508
1 15723
1 9190
1 6653
1 9856
1 14369
1 18824
1 8268
1 7758
1 3465
1 10052
1 9122
1 18518
1 2122
1 17748
1 18073
1 11427
1 12866
1 226
1 16935
1 3935
1 16323
1 17671
1 5083
1 11339
1 18794
1 9569
1 864
1 6039
1 8763
1 12978
1 7033
1 9122
1 11775
1 10344
1 14639
1 6497
1 2511
1 7406
1 2671
1 7295
1 10215
1 12374
1 7257
1 644
1 18156
1 8044
1 10128
1 11981
1 4053
1 4454
1 12540
1 3791
1 17310
1 6075
1 15130
1 3207
1 18774
1 10889
1 14033
1 5545
1 4618
1 17245
1 4915
1 15625
1 11766
1 9315
1 13257
1 2390
1 2058
1 2641
1 16431
1 9843
1 4079
1 7734
1 14762
1 12128
1 8961
1 7632
1 10065
1 13298
1 9129
1 5318
1 14131
1 17286
1 4541
1 6180
1 9558
1 11531
1 854
1 2146
1 2950
1 9636
1 5227
1 7837
1 2269
1 3128
1 3573
1 14659
1 15934
1 1224
1 6014
1 6199
1 7950
1 13458
1 14016
1 4523
1 12423
1 4667
1 7318
1 3553
1 5547
1 15325
1 15325
1 3005
1 9633
1 17105
1 11775
1 14833
1 12055
1 13734
1 250
1 13379
1 17667
1 1979
1 16229
1 7827
1 1641
1 14016
1 3695
1 18291
1 4421
1 3158
1 9281
1 1043
1 15222
1 12754
1 13366
1 14627
1 16788
1 13033
1 15961
1 1845
1 7253
1 16932
1 3193
1 5814
1 1543
1 16939
1 8379
1 15396
1 3935
1 13461
1 680
1 5277
1 601
1 17775
1 7126
1 14927
1 9321
1 5382
1 5834
1 5892
1 9140
1 11704
1 14384
1 2554
1 11531
1 7761
1 18876
1 13461
1 16618
1 19122
1 8118
1 6023
1 12907
1 4143
1 901
1 1785
1 11455
1 6716
1 11237
1 18330
1 5627
1 9558
1 7900
1 1654
1 4773
1 12668
1 3059
1 9672
1 13998
1 14487
1 15513
1 17108
1 6571
1 17305
1 6797
1 14016
1 10005
1 15836
1 9295
1 7660
1 5092
1 10867
1 17748
1 607
1 6039
1 15593
1 10617
1 901
1 18953
1 18027
1 10394
1 15797
1 13404
1 1068
1 5206
1 13382
1 15967
1 6514
1 18242
1 11483
1 9259
1 5928
1 16233
1 15692
1 7238
1 2485
1 12982
1 1245
1 6356
1 9753
1 5539
1 1098
1 11683
1 18243
1 9496
1 17082
1 10732
1 4645
1 16263
1 3970
1 1698
1 4454
1 898
1 1741
1 6788
1 5913
1 12703
1 2417
1 11889
1 16161
1 12487
1 17977
1 5815
1 19074
1 3465
1 18187
1 8975
1 3834
1 1573
1 17465
1 12540
1 13870
1 17370
1 8268
1 15262
1 8417
1 1097
1 6537
1 2531
1 943
1 1291
1 2107
1 16312
1 13668
1 15895
1 14414
1 12940
1 16077
1 167
1 17103
1 17767
1 11181
1 5643
1 14515
1 13067
1 14601
1 5521
1 9768
1 19151
1 4613
1 3464
1 864
1 14487
1 9126
1 9657
1 16345
1 10883
1 12973
1 3141
1 1979
1 15605
1 8267
1 9315
1 18679
1 941
1 7340
1 2265
1 13910
1 16377
1 14722
1 15079
1 16111
1 9737
1 1445
1 10040
1 3708
1 6170
1 13110
1 1584
1 12478
1 17578
1 13943
1 6128
1 15726
1 3748
1 14121
1 12434
1 11854
1 1417
1 4515
1 13977
1 12603
1 3748
1 930
1 17185
1 15123
1 10370
1 13235
1 12816
1 17799
1 15999
1 3232
1 18715
1 16961
1 15916
1 6842
1 13678
1 11483
1 4260
1 16938
1 2970
1 11778
1 5230
1 13235
1 10081
1 4885
1 9869
1 13890
1 12434
1 437
1 14244
1 3916
1 15369
1 17753
1 11727
1 10470
1 7195
1 14671
1 16554
1 18821
1 5369
1 5722
1 17767
1 12434
1 12653
1 5316
1 17748
1 19030
1 898
1 9870
1 5159
1 4642
1 12434
1 14594
1 1785
1 13749
1 60
1 10370
1 16538
1 10899
1 16756
1 6725
1 15633
1 9643
1 18330
1 3585
1 15905
1 10072
1 16219
1 7217
1 13461
1 11963
1 3815
1 5484
1 9635
1 7377
1 11934
1 13334
1 7643
1 9532
1 13522
1 13983
1 18196
1 16114
1 469
1 9122
1 7726
1 3311
1 2416
1 3234
1 5382
1 1828
1 1851
1 5116
1 16750
1 1836
1 17693
1 5326
1 15164
1 16252
1 11093
1 8420
1 5155
1 16096
1 5983
1 11590
1 7711
1 9716
1 7460
1 9290
1 1378
1 9635
1 4873
1 9592
1 6948
1 18330
1 19133
1 50
1 6344
1 17767
1 8374
1 4503
1 6145
1 12332
1 2283
1 16086
1 11807
1 2135
1 2998
1 10709
1 10735
1 11700
1 2135
1 1190
1 17991
1 9122
1 16312
1 3565
1 5638
1 286
1 8121
1 3748
1 12073
1 864
1 16278
1 18798
1 2982
1 17675
1 16819
1 6323
1 332
1 14018
1 2864
1 10157
1 11247
1 17184
1 16712
1 17284
1 12895
1 9884
1 13018
1 3465
1 15136
1 14302
1 15473
1 15177
1 13018
1 6081
1 13018
1 9366
1 7665
1 13490
1 13628
1 9133
1 13018
1 3388
1 7684
1 18266
1 16750
1 520
1 17865
1 9783
1 2561
1 6006
1 2329
1 18851
1 8848
1 5475
1 1785
1 2277
1 5071
1 4890
1 3481
1 16534
1 11693
1 16332
1 12927
1 372
1 16443
1 1440
1 1980
1 9941
1 11219
1 8760
1 116
1 7291
1 13809
1 16394
1 4454
1 5459
1 412
1 12566
1 11643
1 8848
1 6247
1 13196
1 734
1 6716
1 1715
1 11247
1 4995
1 522
1 3706
1 6005
1 5099
1 5948
1 15961
1 7440
1 1847
1 3376
1 18330
1 17226
1 8521
1 11584
1 412
1 8834
1 13858
1 19070
1 11939
1 1345
1 4979
1 11401
1 13789
1 19093
1 13242
1 1328
1 7
1 189
1 10694
1 8118
1 15177
1 10561
1 10411
1 10076
1 83
1 15746
1 6006
1 2330
1 14924
1 1249
1 7412
1 14387
1 2822
1 3355
1 18017
1 14321
1 10253
1 12247
1 12270
1 10721
1 17873
1 17893
1 834
1 16012
1 6758
1 1471
1 2806
1 18330
1 9457
1 18316
1 10370
1 8764
1 3266
1 987
1 7377
1 142
1 13193
1 5398
1 1733
1 12247
1 6247
1 9290
1 3890
1 15177
1 5577
1 3523
1 9765
1 11640
1 3688
1 11306
1 4937
1 18006
1 5252
1 12740
1 13018
1 14477
1 13018
1 852
1 10344
1 7488
1 5155
1 4562
1 16924
1 14369
1 14583
1 5179
1 8808
1 12639
1 6222
1 7256
1 15559
1 9753
1 9692
1 12451
1 15726
1 8281
1 6842
1 1539
1 12184
1 10819
1 5785
1 12414
1 12184
1 570
1 50
1 29
1 14975
1 6049
1 12966
1 168
1 50
1 7266
1 16560
1 4782
1 14747
1 18342
1 6519
1 18789
1 6519
1 12886
1 7290
1 4542
1 2135
1 12813
1 9870
1 1793
1 18027
1 9964
1 3509
1 5956
1 9783
1 15177
1 8124
1 5545
1 8158
1 13434
1 11431
1 11182
1 16485
1 19122
1 16485
1 9853
1 9930
1 16288
1 17607
1 6519
1 7927
1 1622
1 11068
1 18742
1 13799
1 18330
1 3290
1 607
1 4525
1 7711
1 2129
1 1504
1 5208
1 16237
1 18504
1 4457
1 12554
1 5485
1 9929
1 16948
1 636
1 15290
1 11103
1 6315
1 15860
1 4071
1 2684
1 12398
1 2905
1 1097
1 2719
1 12017
1 13515
1 2244
1 11640
1 18489
1 15703
1 11089
1 7294
1 11693
1 4034
1 14564
1 12391
1 13070
1 6344
1 16222
1 18291
1 1429
1 14252
1 4255
1 13700
1 17
1 5256
1 15961
1 11921
1 10348
1 1857
1 17767
1 2373
1 4797
1 18329
1 1332
1 14252
1 5061
1 3039
1 13255
1 18525
1 8420
1 15561
1 12838
1 17908
1 8118
1 17305
1 7343
1 2531
1 1671
1 1761
1 6313
1 19128
1 10128
1 9743
1 10466
1 8137
1 13018
1 10458
1 6868
1 18970
1 12050
1 16252
1 11683
1 529
1 4707
1 12838
1 13810
1 18323
1 1504
1 8598
1 2360
1 17272
1 15496
1 4123
1 1082
1 10561
1 8260
1 10353
1 13443
1 12198
1 11083
1 18323
1 12198
1 16230
1 18323
1 13645
1 5705
1 8101
1 7423
1 518
1 12514
1 1778
1 13634
1 1159
1 17878
1 1990
1 18912
1 17865
1 4483
1 10403
1 18103
1 4296
1 14294
1 13645
1 11385
1 1607
1 12867
1 4417
1 7161
1 13799
1 18323
1 1778
1 12198
1 15860
1 7535
1 9668
1 16222
1 1778
1 12974
1 8300
1 4539
1 12825
1 1930
1 14617
1 13418
1 15491
1 7253
1 12207
1 15622
1 6249
1 12676
1 8109
1 6160
1 8497
1 4280
1 10899
1 16939
1 11159
1 7034
1 14487
1 2531
1 8208
1 10102
1 6987
1 8467
1 16070
1 14564
1 593
1 5621
1 14033
1 15369
1 18473
1 7267
1 12488
1 9727
1 7689
1 7499
1 8808
1 11804
1 11687
1 10899
1 6978
1 11089
1 5564
1 13492
1 2539
1 16803
1 12405
1 1778
1 7668
1 15325
1 9106
1 14244
1 4398
1 18912
1 11385
1 13316
1 8375
1 16813
1 7949
1 7365
1 12243
1 15826
1 9285
1 734
1 8300
1 2103
1 1778
1 1778
1 8271
1 15317
1 1291
1 18179
1 1785
1 4417
1 12767
1 14495
1 3005
1 3167
1 14507
1 16939
1 1577
1 8870
1 4885
1 50
1 8143
1 5276
1 167
1 14149
1 1930
1 11819
1 5783
1 17643
1 12198
1 3186
1 8713
1 16777
1 18330
1 3262
1 9799
1 12814
1 4837
1 5827
1 9345
1 12803
1 7974
1 11251
1 15334
1 18525
1 8860
1 10921
1 8786
1 6801
1 18221
1 19156
1 16234
1 12365
1 10782
1 17465
1 1788
1 669
1 9022
1 18323
1 14028
1 1728
1 5134
1 10907
1 17175
1 14550
1 10907
1 11088
1 235
1 226
1 16099
1 4559
1 1159
1 2047
1 6357
1 5661
1 12247
1 3416
1 315
1 8118
1 915
1 6321
1 4782
1 3365
1 10208
1 15967
1 15014
1 4559
1 5347
1 3232
1 11487
1 3546
1 16163
1 16598
1 8808
1 4668
1 7278
1 15183
1 12834
1 15045
1 10081
1 849
1 14042
1 6314
1 10565
1 8870
1 10540
1 2034
1 10439
1 6548
1 12333
1 3348
1 7648
1 7463
1 7016
1 13366
1 2551
1 17610
1 8477
1 9478
1 4362
1 7264
1 18419
1 15183
1 12288
1 12198
1 15318
1 12288
1 3775
1 9344
1 1063
1 9457
1 1003
1 14244
1 14745
1 12571
1 14285
1 11718
1 12247
1 17011
1 17553
1 16700
1 8147
1 8267
1 4613
1 4689
1 8587
1 8587
1 7281
1 8541
1 6885
1 18731
1 18089
1 17922
1 3002
1 12288
1 19052
1 16381
1 12288
1 8289
1 11601
1 12288
1 9356
1 12288
1 13508
1 8641
1 7449
1 12907
1 12288
1 8587
1 18130
1 18924
1 15588
1 4000
1 9436
1 8401
1 12288
1 150
1 5929
1 4851
1 13376
1 16582
1 6042
1 15617
1 13696
1 8357
1 15428
1 11410
1 12454
1 11783
1 5929
1 15189
1 869
1 7069
1 9603
1 4483
1 16690
1 404
1 14279
1 14813
1 13626
1 16334
1 5841
1 12288
1 6706
1 4718
1 14115
1 11410
1 11410
1 6886
1 523
1 18953
1 9858
1 12582
1 11683
1 16896
1 513
1 7454
1 15269
1 1733
1 18287
1 13543
1 18879
1 11783
1 15064
1 9323
1 9201
1 4791
1 18931
1 2520
1 2898
1 7286
1 18604
1 11783
1 713
1 1180
1 7850
1 12288
1 12828
1 9413
1 8914
1 15741
1 2872
1 2466
1 5008
1 11410
1 17945
1 5953
1 11192
1 10533
1 437
1 18330
1 7705
1 19008
1 6899
1 15414
1 14924
1 7081
1 7519
1 15148
1 8109
1 18615
1 17730
1 18747
1 18596
1 12288
1 3166
1 2732
1 17514
1 1833
1 10946
1 16686
1 785
1 1519
1 16787
1 10119
1 13522
1 5116
1 4973
1 6660
1 869
1 18326
1 4693
1 14028
1 8165
1 15007
1 17499
1 9511
1 13086
1 9606
1 8371
1 13824
1 5945
1 12560
1 11794
1 17182
1 4427
1 8732
1 12218
1 14527
1 9015
1 1111
1 14915
1 13953
1 9308
1 3065
1 9478
1 9436
1 15358
1 12288
1 15839
1 5965
1 11818
1 18729
1 314
1 18854
1 3241
1 2446
1 7418
1 18794
1 6131
1 10342
1 833
1 2738
1 11319
1 16694
1 10899
1 1846
1 8357
1 4349
1 18576
1 9603
1 18573
1 4760
1 5876
1 16436
1 5741
1 14318
1 4890
1 10292
1 12015
1 11188
1 11410
1 9512
1 4837
1 16635
1 16436
1 14063
1 1217
1 10594
1 3273
1 15196
1 12797
1 12068
1 4552
1 19141
1 14244
1 17276
1 5537
1 12034
1 2442
1 12460
1 8305
1 3304
1 17680
1 529
1 16788
1 13329
1 12475
1 7369
1 6758
1 14336
1 8802
1 4972
1 16906
1 18151
1 7505
1 1934
1 15997
1 7352
1 9082
1 16838
1 4863
1 311
1 12131
1 11455
1 3698
1 4552
1 15735
1 7491
1 8740
1 13242
1 15487
1 11763
1 10066
1 7015
1 1573
1 117
1 4387
1 15757
1 864
1 11933
1 1819
1 12757
1 7690
1 4837
1 6177
1 17767
1 14886
1 5271
1 8372
1 1398
1 11410
1 14954
1 15151
1 9540
1 18518
1 12288
1 14373
1 1979
1 10344
1 16436
1 875
1 15136
1 5239
1 9749
1 2764
1 3755
1 16473
1 799
1 18116
1 8143
1 6540
1 10247
1 14144
1 17391
1 6756
1 1232
1 12230
1 8521
1 9741
1 14792
1 18912
1 12814
1 14661
1 7449
1 9930
1 15762
1 13653
1 318
1 16505
1 10909
1 12592
1 8900
1 105
1 15287
1 5983
1 15384
1 11230
1 869
1 11760
1 11882
1 12048
1 6820
1 12904
1 1604
1 4890
1 2539
1 8781
1 4960
1 9672
1 11689
1 6263
1 9700
1 10586
1 14570
1 3638
1 13522
1 16821
1 13563
1 5348
1 3115
1 1602
1 8169
1 7270
1 13191
1 4454
1 10946
1 3365
1 17343
1 15369
1 15906
1 5188
1 10222
1 1426
1 8318
1 17205
1 1713
1 1503
1 4285
1 5239
1 18277
1 2089
1 19045
1 18363
1 14762
1 5183
1 15164
1 12751
1 6836
1 11776
1 15687
1 7858
1 10847
1 4069
1 152
1 16832
1 14564
1 7275
1 1785
1 15632
1 16260
1 16823
1 921
1 15079
1 1604
1 15845
1 12286
1 17286
1 582
1 18648
1 4801
1 10149
1 6344
1 13104
1 15559
1 9676
1 2020
1 9356
1 11614
1 13670
1 2569
1 8762
1 8808
1 13574
1 18479
1 6141
1 6141
1 15014
1 3294
1 10344
1 6050
1 11827
1 10683
1 6868
1 18561
1 10439
1 11775
1 694
1 9140
1 4241
1 5828
1 15716
1 3216
1 16573
1 15459
1 11393
1 16000
1 11705
1 6836
1 17645
1 3556
1 1785
1 11663
1 5475
1 4860
1 5193
1 17773
1 1532
1 12977
1 1063
1 1398
1 11193
1 10189
1 17280
1 12742
1 12618
1 10179
1 10555
1 11410
1 9355
1 3567
1 11203
1 9108
1 1153
1 14992
1 13038
1 10952
1 7315
1 4034
1 9581
1 4613
1 4484
1 16733
1 14121
1 11520
1 11048
1 10576
1 10531
1 13154
1 16675
1 8538
1 15233
1 18991
1 15661
1 11683
1 17717
1 12757
1 10941
1 4517
1 8667
1 8715
1 531
1 6388
1 16730
1 11756
1 4265
1 18860
1 18155
1 9217
1 11796
1 2645
1 3953
1 19045
1 11589
1 4602
1 2712
1 9691
1 6716
1 5095
1 13471
1 9885
1 4885
1 12709
1 11487
1 895
1 7826
1 14119
1 10357
1 10488
1 11947
1 3346
1 3245
1 8224
1 3087
1 13793
1 4807
1 627
1 17179
1 7880
1 8515
1 8984
1 12459
1 10189
1 3521
1 15826
1 7490
1 6093
1 3269
1 721
1 13216
1 18330
1 7690
1 18962
1 16388
1 1247
1 8621
1 6976
1 16939
1 10324
1 14884
1 7827
1 6976
1 18943
1 8268
1 1365
1 14109
1 5919
1 10459
1 17188
1 15920
1 13528
1 13653
1 11455
1 11103
1 10353
1 12839
1 2657
1 13471
1 6841
1 146
1 3585
1 17761
1 16859
1 5964
1 3694
1 16088
1 10819
1 7413
1 1181
1 7189
1 18293
1 18017
1 8169
1 11190
1 2641
1 18731
1 14977
1 11031
1 705
1 19078
1 4016
1 16226
1 12075
1 8271
1 330
1 8665
1 4409
1 11009
1 3703
1 1358
1 14920
1 13798
1 5858
1 13756
1 2807
1 7907
1 7209
1 14920
1 3856
1 3520
1 8870
1 7460
1 7308
1 15317
1 252
1 8696
1 274
1 6914
1 1347
1 18022
1 11435
1 7641
1 14302
1 12722
1 8793
1 4782
1 4101
1 11577
1 6998
1 1004
1 15840
1 18694
1 2738
1 17386
1 2293
1 14635
1 9561
1 869
1 8876
1 3484
1 136
1 18725
1 18393
1 10619
1 969
1 18732
1 9165
1 11718
1 11315
1 17702
1 16557
1 17223
1 7034
1 4543
1 18567
1 11844
1 10510
1 16131
1 18907
1 8636
1 10531
1 11771
1 9541
1 9500
1 12939
1 18056
1 16599
1 17720
1 843
1 9135
1 14291
1 18911
1 16388
1 11687
1 15461
1 4688
1 8447
1 695
1 18359
1 8208
1 9802
1 17946
1 15922
1 50
1 12924
1 15378
1 12974
1 9225
1 1535
1 16825
1 7858
1 13221
1 16428
1 7454
1 12228
1 15108
1 16997
1 16232
1 7788
1 4466
1 8536
1 4198
1 17939
1 4782
1 2643
1 1066
1 9420
1 9831
1 14727
1 3709
1 13141
1 19137
1 7444
1 16978
1 3158
1 12571
1 8597
1 5941
1 6802
1 5703
1 6099
1 8927
1 5204
1 18742
1 773
1 19088
1 8208
1 7381
1 6199
1 15108
1 13060
1 17761
1 6755
1 14881
1 1760
1 11291
1 4249
1 8808
1 16384
1 2469
1 2909
1 16757
1 15109
1 10344
1 11212
1 7247
1 9616
1 1836
1 18881
1 1547
1 2674
1 3275
1 8732
1 6471
1 11455
1 19051
1 2602
1 6512
1 3275
1 8743
1 4908
1 16040
1 7319
1 16467
1 7731
1 17967
1 7299
1 780
1 18349
1 15207
1 11897
1 17090
1 13586
1 15483
1 3649
1 15917
1 5908
1 1130
1 13897
1 1758
1 8918
1 4417
1 9141
1 19005
1 4366
1 11971
1 1136
1 9853
1 14509
1 17514
1 14608
1 7167
1 15925
1 3439
1 1024
1 12086
1 15908
1 83
1 7690
1 8019
1 13580
1 12332
1 18974
1 6515
1 14788
1 4819
1 11182
1 4283
1 8715
1 6510
1 11998
1 9011
1 18683
1 10730
1 2177
1 13691
1 17448
1 11582
1 4938
1 4600
1 17512
1 1611
1 17705
1 5340
1 19006
1 9526
1 13366
1 9447
1 9445
1 2928
1 14936
1 4184
1 6311
1 5099
1 6293
1 4649
1 17627
1 6730
1 15141
1 14982
1 8738
1 2298
1 12981
1 6758
1 4422
1 15328
1 14508
1 16635
1 10137
1 8762
1 8760
1 5782
1 10535
1 17316
1 14750
1 12910
1 361
1 11687
1 10254
1 3126
1 459
1 5596
1 13790
1 17607
1 5260
1 1103
1 18103
1 16398
1 11683
1 3365
1 5951
1 5941
1 9000
1 18842
1 13648
1 4068
1 16848
1 2641
1 18451
1 15032
1 3094
1 14433
1 6792
1 11066
1 15726
1 2313
1 14228
1 15606
1 14312
1 777
1 18757
1 17870
1 10883
1 17305
1 5188
1 15014
1 16635
1 7668
1 1194
1 16926
1 19080
1 11275
1 12768
1 14931
1 14292
1 467
1 4998
1 6000
1 9155
1 1159
1 5804
1 11858
1 642
1 3926
1 8788
1 353
1 15014
1 10422
1 12175
1 5221
1 17147
1 15316
1 2683
1 7671
1 219
1 8127
1 13980
1 1194
1 13704
1 7937
1 4895
1 1647
1 9136
1 17221
1 5799
1 14255
1 18071
1 10936
1 10790
1 18278
1 6317
1 1227
1 6272
1 2488
1 18525
1 2829
1 154
1 13668
1 16939
1 15897
1 3567
1 10220
1 13713
1 17475
1 2598
1 5799
1 14857
1 5438
1 3054
1 13240
1 15826
1 6039
1 4881
1 18330
1 18435
1 17761
1 11725
1 16232
1 13625
1 3377
1 10999
1 3019
1 17571
1 1261
1 14638
1 18579
1 14526
1 16298
1 5383
1 1533
1 11901
1 8492
1 3846
1 1986
1 17071
1 5060
1 3185
1 14387
1 5504
1 12459
1 6994
1 580
1 12155
1 16075
1 13443
1 17272
1 13352
1 15809
1 17221
1 8355
1 12382
1 4042
1 3638
1 3172
1 10461
1 1830
1 3369
1 2932
1 17138
1 16135
1 9302
1 17239
1 9355
1 15906
1 3552
1 1830
1 11417
1 7690
1 18958
1 3194
1 16926
1 16733
1 16781
1 18326
1 756
1 1601
1 15002
1 17341
1 770
1 8144
1 981
1 1004
1 1375
1 2243
1 5410
1 4196
1 4531
1 4377
1 10669
1 9899
1 436
1 6119
1 4942
1 15281
1 8225
1 17991
1 17033
1 17674
1 15661
1 16635
1 8235
1 9666
1 18582
1 18103
1 16443
1 10531
1 18986
1 8370
1 4702
1 16939
1 8171
1 12155
1 12279
1 2980
1 3553
1 12616
1 4079
1 17862
1 18653
1 19159
1 13506
1 1344
1 7535
1 18202
1 7249
1 15809
1 2457
1 6180
1 2396
1 196
1 18978
1 11933
1 9701
1 4084
1 6403
1 14121
1 747
1 10899
1 4850
1 2553
1 15459
1 15459
1 18051
1 16283
1 6721
1 10703
1 12107
1 14354
1 6399
1 16089
1 8961
1 326
1 2775
1 11424
1 6521
1 4389
1 16379
1 14128
1 2558
1 11874
1 11410
1 10216
1 3795
1 1811
1 11924
1 6486
1 179
1 4165
1 2583
1 9207
1 10445
1 8528
1 11412
1 13746
1 6584
1 10247
1 10529
1 17128
1 12528
1 6756
1 7591
1 13824
1 10443
1 5528
1 17511
1 1927
1 18258
1 4998
1 5996
1 7874
1 8468
1 154
1 3890
1 14555
1 9486
1 16813
1 442
1 12788
1 13147
1 3927
1 12746
1 957
1 6274
1 399
1 1961
1 9995
1 16356
1 6042
1 1938
1 10232
1 11483
1 9839
1 10520
1 12612
1 18260
1 11216
1 9955
1 2511
1 2439
1 727
1 13703
1 8636
1 10466
1 6627
1 11958
1 3509
1 15253
1 9741
1 10257
1 4474
1 12397
1 2774
1 6058
1 12193
1 10952
1 6832
1 10966
1 18352
1 4890
1 2354
1 13654
1 3567
1 2038
1 5857
1 15218
1 10061
1 17071
1 16867
1 12100
1 9857
1 17037
1 11392
1 1252
1 18022
1 17445
1 14244
1 8124
1 17019
1 1955
1 11016
1 14723
1 13267
1 457
1 3376
1 8044
1 11014
1 13593
1 13585
1 4098
1 12704
1 7406
1 5690
1 13110
1 3365
1 10668
1 4038
1 13435
1 17240
1 4060
1 13582
1 6333
1 5153
1 3066
1 467
1 5053
1 11147
1 16352
1 457
1 9783
1 16403
1 5339
1 6427
1 4917
1 8434
1 6344
1 17256
1 6084
1 3635
1 8160
1 8938
1 875
1 16694
1 18425
1 18955
1 7550
1 3036
1 4182
1 681
1 18496
1 12333
1 16900
1 8035
1 10095
1 7678
1 13654
1 9059
1 10
1 12834
1 13609
1 16443
1 18159
1 18478
1 13756
1 15281
1 18305
1 6215
1 4860
1 1802
1 1849
1 15459
1 10174
1 2354
1 17888
1 18993
1 6638
1 9207
1 2169
1 8268
1 9042
1 15990
1 7505
1 11014
1 2935
1 15317
1 2535
1 18631
1 5155
1 15826
1 9035
1 5198
1 15417
1 8707
1 18176
1 16985
1 6684
1 2857
1 4033
1 14900
1 5246
1 4678
1 18178
1 7528
1 16482
1 13060
1 18103
1 9176
1 9015
1 6820
1 15093
1 14799
1 3855
1 8380
1 383
1 4198
1 412
1 17600
1 6820
1 17807
1 13678
1 8069
1 12173
1 4072
1 8954
1 7385
1 17260
1 740
1 9616
1 10903
1 16232
1 7012
1 2058
1 13714
1 5251
1 983
1 13493
1 18011
1 5339
1 17371
1 8449
1 8831
1 17738
1 1159
1 12751
1 13964
1 8251
1 9722
1 5485
1 9554
1 5407
1 17277
1 8580
1 6337
1 9003
1 427
1 16405
1 804
1 9844
1 17568
1 11895
1 17862
1 11089
1 15234
1 789
1 16997
1 12914
1 635
1 17272
1 11993
1 15674
1 13878
1 400
1 15972
1 5268
1 889
1 12653
1 5628
1 15281
1 16823
1 12426
1 9902
1 14031
1 15336
1 18968
1 18576
1 11693
1 9606
1 16248
1 13743
1 2869
1 14744
1 13573
1 13573
1 705
1 13232
1 10119
1 15723
1 19005
1 10865
1 9207
1 18332
1 10333
1 11702
1 15491
1 7827
1 2440
1 12879
1 11351
1 873
1 11420
1 1224
1 17991
1 13614
1 13588
1 11120
1 12919
1 272
1 17008
1 19169
1 4446
1 11287
1 14888
1 7428
1 4270
1 10844
1 8091
1 16675
1 7641
1 15243
1 8831
1 7230
1 17465
1 18424
1 6671
1 16038
1 15730
1 2777
1 17560
1 8279
1 8382
1 12846
1 14329
1 3869
1 8938
1 4613
1 8314
1 15254
1 7806
1 14632
1 2247
1 2825
1 13836
1 6199
1 5017
1 152
1 14610
1 12450
1 4763
1 15531
1 12614
1 5171
1 2285
1 3929
1 18803
1 9843
1 10889
1 6541
1 10165
1 12333
1 7005
1 16017
1 14097
1 4162
1 13838
1 7060
1 8059
1 8069
1 7927
1 6805
1 13417
1 14881
1 11999
1 3651
1 2004
1 8037
1 7172
1 1536
1 2168
1 5452
1 16342
1 5754
1 4427
1 12609
1 559
1 16366
1 14150
1 13377
1 18324
1 3667
1 3651
1 7103
1 16473
1 12582
1 7916
1 14681
1 12196
1 15198
1 12652
1 2377
1 17811
1 5317
1 6868
1 198
1 12571
1 12385
1 19015
1 13726
1 16221
1 7661
1 2111
1 315
1 4961
1 10669
1 1219
1 9554
1 17314
1 6014
1 13766
1 16211
1 6263
1 11663
1 9112
1 2390
1 7157
1 3216
1 13544
1 16861
1 19061
1 246
1 8785
1 9773
1 9558
1 18364
1 16745
1 15069
1 14244
1 2651
1 18821
1 12555
1 9443
1 17260
1 5093
1 3087
1 13957
1 19053
1 1100
1 17187
1 8198
1 15699
1 15317
1 8268
1 1373
1 17661
1 1224
1 5619
1 15368
1 14431
1 5333
1 4211
1 10649
1 2872
1 13849
1 16369
1 13838
1 7685
1 9309
1 2023
1 8784
1 1774
1 3816
1 8169
1 5491
1 7854
1 4650
1 18576
1 1921
1 16939
1 7817
1 7388
1 7170
1 13206
1 3906
1 6958
1 17240
1 17705
1 12145
1 14753
1 17964
1 5743
1 5168
1 420
1 18639
1 8940
1 2064
1 16232
1 13810
1 3614
1 17402
1 16114
1 17748
1 17830
1 8011
1 8268
1 6884
1 6997
1 1536
1 13688
1 14458
1 9881
1 11215
1 16443
1 18630
1 15375
1 9076
1 13360
1 10942
1 1212
1 3272
1 3584
1 4293
1 7576
1 1463
1 7197
1 1024
1 8759
1 8193
1 17784
1 11089
1 4899
1 17279
1 7287
1 17
1 466
1 13753
1 1898
1 14308
1 12704
1 13829
1 18265
1 17830
1 12682
1 15045
1 9903
1 6588
1 6889
1 4330
1 1103
1 3300
1 14797
1 946
1 3234
1 3234
1 7629
1 4259
1 6820
1 6333
1 1203
1 18510
1 15831
1 9325
1 3970
1 4248
1 7540
1 17878
1 3214
1 13645
1 12668
1 6306
1 2888
1 7318
1 17078
1 14378
1 16248
1 14665
1 11962
1 3973
1 16777
1 4783
1 11752
1 14369
1 1243
1 3087
1 4285
1 13824
1 11719
1 8686
1 15841
1 17627
1 17582
1 14105
1 3599
1 4572
1 2220
1 15169
1 17305
1 8211
1 6654
1 5537
1 16110
1 16503
1 12122
1 5452
1 2248
1 15692
1 11546
1 6514
1 5936
1 8561
1 14570
1 8904
1 11713
1 10078
1 4004
1 11966
1 17320
1 715
1 9860
1 8306
1 14084
1 12924
1 15999
1 321
1 8037
1 4304
1 12113
1 1730
1 12117
1 9082
1 18091
1 5133
1 4491
1 10531
1 17878
1 2446
1 9069
1 12816
1 7591
1 9763
1 412
1 9014
1 2177
1 2588
1 16342
1 12438
1 16309
1 13262
1 12879
1 4293
1 13484
1 13927
1 11969
1 11731
1 10288
1 15445
1 13922
1 7120
1 14512
1 4397
1 17277
1 6197
1 2618
1 714
1 12663
1 13110
1 4791
1 15199
1 12230
1 14414
1 5166
1 16782
1 1908
1 17571
1 7343
1 648
1 16535
1 18459
1 5851
1 12925
1 16885
1 10376
1 10903
1 13964
1 12214
1 5246
1 8090
1 3756
1 14414
1 3059
1 15365
1 14523
1 3501
1 10208
1 1285
1 13929
1 2140
1 5187
1 3035
1 17505
1 13653
1 12628
1 5722
1 8250
1 16616
1 7842
1 10382
1 9657
1 16483
1 18796
1 9845
1 7835
1 3884
1 2223
1 7692
1 675
1 16803
1 18473
1 3703
1 3947
1 18864
1 13756
1 9169
1 18431
1 9164
1 12833
1 2356
1 5989
1 2445
1 4723
1 2341
1 7934
1 5155
1 30
1 1532
1 13635
1 5819
1 3718
1 10220
1 4321
1 12924
1 18940
1 8556
1 17958
1 5326
1 11530
1 5140
1 4468
1 226
1 18595
1 12429
1 12429
1 2281
1 11689
1 9090
1 1758
1 2995
1 16178
1 13336
1 1357
1 14069
1 16193
1 10839
1 15587
1 16232
1 4454
1 14028
1 18684
1 15314
1 12466
1 15629
1 14724
1 5383
1 9181
1 8305
1 11455
1 11584
1 18154
1 3450
1 11704
1 6263
1 19006
1 16841
1 13378
1 18685
1 17645
1 11794
1 5958
1 7624
1 9081
1 4432
1 8039
1 6181
1 12306
1 16150
1 14333
1 17451
1 5433
1 13185
1 15587
1 9672
1 1379
1 15712
1 14233
1 5223
1 1725
1 7385
1 8977
1 9268
1 15143
1 6605
1 5915
1 7471
1 4483
1 12813
1 7985
1 6903
1 15303
1 9293
1 1900
1 9765
1 1424
1 16443
1 13756
1 4505
1 13002
1 18488
1 4865
1 7413
1 8969
1 15174
1 17364
1 1893
1 9672
1 83
1 14121
1 9478
1 6446
1 14737
1 15311
1 3230
1 18821
1 13098
1 11785
1 14844
1 7192
1 2977
1 1420
1 7354
1 3835
1 11418
1 4613
1 10697
1 7553
1 2465
1 8658
1 13838
1 10232
1 7466
1 6999
1 4885
1 6253
1 15852
1 4552
1 13291
1 14198
1 946
1 8783
1 4100
1 3839
1 2221
1 4613
1 18
1 2619
1 17171
1 6466
1 17166
1 17024
1 6879
1 3684
1 8118
1 13810
1 16866
1 11837
1 4789
1 12813
1 18543
1 17255
1 13709
1 3117
1 4016
1 13037
1 14028
1 4847
1 486
1 16599
1 1454
1 14913
1 10119
1 10632
1 16918
1 4748
1 9843
1 15775
1 4916
1 12503
1 6781
1 2373
1 13628
1 4607
1 8210
1 1024
1 3461
1 9981
1 7076
1 11732
1 11695
1 8862
1 6127
1 2822
1 7146
1 14888
1 18563
1 14559
1 5208
1 878
1 6517
1 18326
1 8033
1 12597
1 8090
1 7826
1 11340
1 2720
1 9965
1 4344
1 8963
1 8738
1 3397
1 12585
1 4510
1 10908
1 498
1 6868
1 12289
1 18489
1 5785
1 6862
1 16583
1 11717
1 7970
1 16013
1 6307
1 13087
1 13148
1 9397
1 13086
1 17529
1 16344
1 11121
1 5099
1 3221
1 3462
1 9960
1 9657
1 1204
1 7076
1 5457
1 16710
1 12640
1 1424
1 9747
1 2585
1 11400
1 14724
1 9701
1 15002
1 13778
1 13133
1 15621
1 9291
1 5843
1 3634
1 18326
1 8734
1 9351
1 13318
1 14160
1 2030
1 61
1 17913
1 5912
1 13294
1 7474
1 16278
1 6469
1 9809
1 6084
1 9672
1 7069
1 5497
1 8136
1 14411
1 2953
1 10755
1 6131
1 762
1 15003
1 6196
1 14304
1 305
1 15679
1 13957
1 8714
1 7664
1 15730
1 9126
1 8340
1 2593
1 6111
1 14363
1 6006
1 9799
1 18466
1 14570
1 1020
1 2051
1 11103
1 7439
1 17215
1 9252
1 12775
1 17887
1 5961
1 11009
1 15638
1 14924
1 12349
1 6209
1 6510
1 12834
1 12006
1 1746
1 8645
1 8268
1 4374
1 5364
1 9753
1 11335
1 1020
1 4362
1 13929
1 14228
1 17991
1 18719
1 853
1 15625
1 15709
1 4340
1 12127
1 14816
1 14506
1 8039
1 13113
1 5257
1 5576
1 10644
1 3482
1 4358
1 360
1 5290
1 14285
1 10010
1 13853
1 8169
1 11320
1 9753
1 8359
1 7807
1 7015
1 517
1 2581
1 9082
1 7309
1 7775
1 18804
1 7247
1 1451
1 704
1 2617
1 7927
1 14496
1 17437
1 6097
1 5808
1 6884
1 7084
1 18393
1 14121
1 15376
1 7974
1 1883
1 14640
1 2411
1 13368
1 3044
1 4847
1 18462
1 8208
1 8194
1 15227
1 2598
1 5852
1 11702
1 18732
1 9756
1 10344
1 10122
1 17857
1 5199
1 10932
1 14123
1 10645
1 6409
1 18091
1 5223
1 5782
1 3586
1 368
1 14978
1 15305
1 4761
1 13429
1 2482
1 4159
1 7014
1 9219
1 7553
1 10795
1 813
1 18843
1 9419
1 13997
1 64
1 14514
1 1441
1 13413
1 12768
1 6052
1 1420
1 17611
1 13002
1 4542
1 14063
1 1447
1 15368
1 18660
1 4207
1 7638
1 10274
1 13569
1 110
1 13311
1 13587
1 10458
1 10476
1 4395
1 15769
1 3050
1 13342
1 16872
1 4790
1 353
1 16131
1 14143
1 5485
1 10351
1 287
1 11103
1 14434
1 4285
1 247
1 16843
1 19113
1 5930
1 6596
1 6881
1 16295
1 19069
1 4082
1 17847
1 7343
1 12882
1 4797
1 17584
1 3798
1 8989
1 15934
1 17135
1 18089
1 17586
1 13729
1 17767
1 12589
1 55
1 18153
1 8078
1 3279
1 1908
1 18694
1 5475
1 1846
1 17289
1 17676
1 1377
1 11348
1 10247
1 1774
1 16232
1 18732
1 17483
1 10081
1 16803
1 1840
1 7293
1 9346
1 607
1 17118
1 17767
1 10903
1 12386
1 18020
1 5550
1 8001
1 14874
1 9821
1 9317
1 6682
1 2569
1 11599
1 1774
1 607
1 7541
1 18357
1 4797
1 5252
1 14366
1 6106
1 8898
1 5819
1 4783
1 1711
1 18313
1 14078
1 3973
1 14881
1 7428
1 7228
1 119
1 7934
1 12452
1 486
1 17761
1 1024
1 11
1 2254
1 10304
1 11191
1 15692
1 5338
1 11627
1 12637
1 11940
1 9844
1 3351
1 362
1 1384
1 6984
1 4284
1 18860
1 14895
1 2451
1 12571
1 18765
1 16898
1 4613
1 13069
1 4106
1 11247
1 461
1 15045
1 16667
1 5824
1 2968
1 9706
1 5790
1 17321
1 11971
1 6820
1 13908
1 6752
1 4955
1 16169
1 14327
1 19006
1 17717
1 15209
1 2000
1 7639
1 16473
1 8981
1 12833
1 17493
1 11908
1 8169
1 2641
1 640
1 11959
1 13018
1 19008
1 15404
1 11284
1 11853
1 9353
1 16032
1 7117
1 14566
1 3516
1 14922
1 7775
1 14347
1 12201
1 7419
1 5416
1 10531
1 15254
1 3735
1 16905
1 5024
1 12742
1 3044
1 14724
1 6409
1 16108
1 2917
1 17586
1 1937
1 9142
1 5075
1 27
1 13026
1 9166
1 15558
1 15350
1 5738
1 14347
1 4837
1 1204
1 5181
1 10710
1 4081
1 2725
1 17217
1 8808
1 7179
1 9086
1 16061
1 12319
1 9864
1 16843
1 10903
1 9844
1 10907
1 5311
1 17634
1 3468
1 12165
1 7103
1 1034
1 8366
1 2369
1 15251
1 18936
1 8762
1 16274
1 14126
1 7014
1 13033
1 7218
1 3847
1 3567
1 10039
1 17200
1 4678
1 9860
1 6571
1 15905
1 8786
1 10222
1 15673
1 8113
1 16980
1 15607
1 1390
1 14302
1 17089
1 15966
1 9225
1 5917
1 2316
1 10446
1 13173
1 8547
1 246
1 5317
1 12179
1 11959
1 13892
1 16453
1 10344
1 13508
1 11964
1 16092
1 18103
1 5112
1 11103
1 4301
1 899
1 15987
1 7626
1 16088
1 1507
1 1891
1 14991
1 7887
1 648
1 10344
1 1658
1 10937
1 15045
1 16793
1 14751
1 683
1 10540
1 6121
1 2350
1 11280
1 16356
1 4613
1 150
1 1121
1 17841
1 7372
1 17276
1 5708
1 14393
1 1069
1 3268
1 17088
1 1360
1 10290
1 18849
1 13762
1 18959
1 16883
1 17070
1 15984
1 12398
1 9153
1 4760
1 4207
1 12934
1 13986
1 15839
1 12563
1 6897
1 13673
1 18194
1 16086
1 10465
1 16505
1 8899
1 3735
1 19006
1 14703
1 2014
1 8215
1 11449
1 1137
1 12946
1 7392
1 12390
1 6606
1 1338
1 12601
1 320
1 11391
1 218
1 15768
1 842
1 13049
1 14837
1 8762
1 11860
1 16806
1 119
1 8202
1 2449
1 15408
1 3199
1 15966
1 4450
1 9503
1 12910
1 4082
1 16583
1 6961
1 12783
1 4674
1 17667
1 18196
1 5594
1 2393
1 13998
1 14091
1 8986
1 8261
1 4999
1 13087
1 1771
1 17964
1 13587
1 13853
1 4918
1 8024
1 1360
1 11451
1 8375
1 11369
1 12128
1 3301
1 15624
1 18390
1 18831
1 3369
1 11558
1 1283
1 5686
1 8268
1 19059
1 17768
1 4083
1 11112
1 7965
1 11373
1 9194
1 311
1 7711
1 9338
1 7434
1 19010
1 5411
1 17398
1 17144
1 2305
1 17075
1 18493
1 3656
1 1920
1 6805
1 50
1 4890
1 1688
1 16464
1 11713
1 2215
1 5039
1 15005
1 10344
1 4023
1 12186
1 6563
1 10676
1 9120
1 7900
1 2661
1 15452
1 5977
1 12758
1 11934
1 7848
1 17968
1 7267
1 16729
1 12838
1 14381
1 4591
1 17591
1 18801
1 15801
1 15338
1 14121
1 11340
1 915
1 16608
1 1181
1 17875
1 16635
1 8536
1 6261
1 16232
1 15929
1 6656
1 18450
1 9527
1 17644
1 16855
1 5294
1 7782
1 3613
1 14881
1 15967
1 1164
1 1379
1 15225
1 332
1 11010
1 14121
1 2134
1 7639
1 11078
1 14820
1 4113
1 13923
1 5819
1 13627
1 12267
1 14069
1 3432
1 4611
1 19098
1 17256
1 12885
1 16131
1 5790
1 7146
1 11766
1 8992
1 2515
1 3890
1 18103
1 11396
1 17815
1 16905
1 10211
1 16936
1 16714
1 16766
1 412
1 10344
1 9623
1 4148
1 4256
1 7016
1 4760
1 2639
1 437
1 3537
1 14254
1 17589
1 14155
1 2457
1 12897
1 15227
1 7104
1 8707
1 3636
1 16193
1 5983
1 12930
1 17404
1 9845
1 12792
1 16618
1 16662
1 8536
1 4237
1 16091
1 3296
1 3943
1 7449
1 6918
1 1349
1 17870
1 7577
1 13196
1 3888
1 732
1 15242
1 14053
1 6606
1 5045
1 2384
1 7571
1 16195
1 16299
1 7807
1 4905
1 5263
1 8597
1 8831
1 18774
1 12021
1 3307
1 13747
1 7421
1 5698
1 15848
1 3320
1 11595
1 2419
1 12911
1 10590
1 14922
1 16852
1 13695
1 4896
1 14964
1 11103
1 12276
1 5381
1 7535
1 17239
1 13303
1 5760
1 13313
1 5185
1 7374
1 16591
1 1669
1 3805
1 2700
1 5990
1 9318
1 18057
1 9826
1 3805
1 5226
1 16467
1 13341
1 1181
1 17768
1 5961
1 4864
1 9190
1 17645
1 10394
1 2329
1 11405
1 9469
1 17303
1 19150
1 4797
1 7553
1 1980
1 10531
1 4968
1 17194
1 7278
1 15496
1 15582
1 16466
1 6480
1 13964
1 4296
1 9601
1 6481
1 642
1 13338
1 17301
1 4864
1 3179
1 8268
1 15587
1 18103
1 5284
1 11451
1 13806
1 10438
1 17538
1 8786
1 16818
1 8307
1 11744
1 1196
1 16232
1 3099
1 12234
1 14836
1 1725
1 315
1 17522
1 4040
1 15272
1 18816
1 10635
1 15967
1 18995
1 11089
1 15852
1 10078
1 14724
1 7713
1 16838
1 18871
1 6550
1 12582
1 9076
1 17723
1 18592
1 52
1 17580
1 14993
1 7239
1 1696
1 4873
1 3805
1 3915
1 15903
1 7151
1 446
1 13079
1 17550
1 14564
1 10610
1 10348
1 10259
1 18330
1 16466
1 14993
1 10388
1 7676
1 6042
1 5782
1 4668
1 3780
1 18636
1 5875
1 135
1 16541
1 17478
1 10756
1 2236
1 7392
1 14121
1 13818
1 9272
1 16005
1 12450
1 16275
1 12570
1 6
1 3714
1 9672
1 3489
1 8223
1 365
1 4423
1 5695
1 19000
1 15362
1 13691
1 3604
1 8251
1 2140
1 15020
1 13115
1 17868
1 13282
1 1671
1 8581
1 3805
1 5961
1 17465
1 18826
1 1171
1 5504
1 8876
1 6485
1 13103
1 6643
1 7701
1 11204
1 11964
1 5864
1 18492
1 10139
1 16853
1 17260
1 2384
1 17815
1 2641
1 3033
1 16672
1 5868
1 13756
1 2264
1 1547
1 13668
1 8468
1 8284
1 6158
1 50
1 14171
1 2549
1 5457
1 4274
1 10311
1 986
1 4110
1 4069
1 10123
1 15610
1 6161
1 12793
1 1237
1 14737
1 366
1 16906
1 12244
1 11155
1 10921
1 11756
1 8940
1 2342
1 11206
1 14586
1 5053
1 7813
1 8359
1 11320
1 5092
1 84
1 10966
1 8799
1 14783
1 1086
1 12909
1 18889
1 14724
1 8961
1 10232
1 13908
1 4010
1 7605
1 7911
1 2576
1 9566
1 6820
1 2120
1 5075
1 537
1 18834
1 18848
1 10297
1 4373
1 18602
1 1363
1 14421
1 994
1 18625
1 470
1 8818
1 9077
1 2770
1 9789
1 14524
1 17194
1 1897
1 14079
1 5573
1 12199
1 12747
1 9672
1 18655
1 2168
1 9262
1 6190
1 9462
1 3852
1 18116
1 18780
1 15005
1 2345
1 10582
1 5790
1 18496
1 7372
1 12565
1 3840
1 11396
1 19160
1 11293
1 9309
1 4360
1 8758
1 18817
1 19104
1 13989
1 14730
1 12497
1 2884
1 17042
1 5077
1 8374
1 16525
1 13365
1 3312
1 768
1 1886
1 12877
1 5626
1 9886
1 1014
1 1696
1 18196
1 18867
1 6124
1 4268
1 3890
1 3060
1 15146
1 7845
1 1643
1 10220
1 13383
1 1020
1 5052
1 11498
1 8963
1 290
1 10903
1 15284
1 1730
1 2298
1 15754
1 8149
1 5337
1 15559
1 12255
1 17173
1 16254
1 4277
1 10864
1 3320
1 17556
1 7910
1 2656
1 3262
1 4344
1 15497
1 982
1 13608
1 11225
1 18898
1 8448
1 14154
1 10613
1 7875
1 10557
1 2436
1 11559
1 14352
1 8934
1 18048
1 5751
1 14708
1 7162
1 14932
1 2312
1 18987
1 19067
1 15984
1 1891
1 7591
1 15117
1 14737
1 312
1 5077
1 15698
1 1764
1 104
1 5067
1 13951
1 3803
1 11451
1 2060
1 17748
1 5464
1 11595
1 5475
1 1660
1 907
1 18488
1 1119
1 2621
1 12837
1 15458
1 6446
1 2839
1 16178
1 17159
1 18140
1 11457
1 7405
1 1771
1 7987
1 3099
1 17159
1 4837
1 12555
1 18567
1 16115
1 116
1 6230
1 9356
1 12888
1 15291
1 17148
1 17972
1 6314
1 18271
1 8344
1 976
1 2177
1 2312
1 5314
1 17001
1 2774
1 16330
1 9999
1 19102
1 2328
1 10101
1 17070
1 17483
1 14325
1 8356
1 18206
1 18236
1 190
1 6334
1 3435
1 1775
1 16452
1 2639
1 4211
1 13723
1 18424
1 6495
1 1917
1 8128
1 637
1 1908
1 3466
1 15508
1 18512
1 15786
1 10051
1 11110
1 7109
1 2566
1 1840
1 13110
1 13488
1 1830
1 16298
1 10863
1 4376
1 12634
1 17088
1 8328
1 6720
1 13908
1 17862
1 18095
1 17867
1 18166
1 14244
1 14566
1 4428
1 10109
1 15684
1 10903
1 5983
1 16586
1 5269
1 9233
1 10588
1 18971
1 5053
1 2583
1 14586
1 17194
1 17227
1 6609
1 6820
1 10921
1 13291
1 15408
1 5607
1 3712
1 14929
1 10903
1 11184
1 12570
1 4837
1 3890
1 19005
1 9769
1 11806
1 13935
1 1003
1 11683
1 18316
1 5515
1 2778
1 10494
1 6510
1 12097
1 7146
1 13653
1 9207
1 9062
1 9207
1 12394
1 15625
1 4828
1 9218
1 6525
1 13099
1 10202
1 16213
1 13621
1 11766
1 16464
1 19150
1 7834
1 18860
1 9447
1 15625
1 18450
1 3764
1 14447
1 9191
1 11451
1 190
1 15996
1 12953
1 988
1 15953
1 2355
1 6842
1 9537
1 3278
1 10531
1 3166
1 17518
1 408
1 18030
1 8917
1 18632
1 6479
1 3882
1 8524
1 15328
1 15793
1 6212
1 12214
1 12478
1 15298
1 3591
