0
0
0
0
0
0
1 7560
1 4111
0
0
2 1842 5848
1 6963
0
0
2 2022 3040
0
0
15 673 681 748 772 1007 1228 1260 1334 1461 2432 2528 3079 3215 4292 6232
1 6571
0
0
0
0
0
0
0
0
1 7048
0
1 4200
1 6432
0
0
0
0
0
0
1 994
1 2045
0
0
2 2458 2618
0
0
0
0
0
0
0
0
11 2317 2410 2628 3412 3982 4199 4205 4472 5265 7269 7611
0
1 7519
0
0
1 6903
1 3429
0
0
0
1 3921
1 6688
0
0
1 6842
0
0
0
0
0
0
0
0
0
0
7 294 304 675 817 1075 1574 2238
0
0
0
0
0
0
0
3 4119 5379 6533
1 7641
0
0
0
0
0
0
0
0
0
0
0
1 1527
0
0
0
0
1 1021
0
0
1 7790
1 4905
0
0
0
0
2 2106 6860
1 117
0
0
0
0
4 545 655 4069 7822
8 184 225 449 999 1052 1098 1458 4848
0
2 6957 7204
0
0
0
0
0
0
0
1 1133
0
0
0
0
0
0
0
1 7547
1 5222
0
0
0
0
0
1 4150
0
2 861 2219
0
1 5151
0
0
0
3 3171 4628 7148
0
2 4966 6045
0
2 5528 5723
0
0
0
0
0
0
0
0
0
0
0
0
2 3813 4475
1 4204
0
0
0
0
0
0
0
0
0
0
3 1568 1968 5698
0
0
0
0
0
0
0
0
0
2 350 4112
4 1054 3169 7849 7955
0
0
0
0
0
1 5661
0
2 2255 6103
0
0
0
0
0
0
1 3114
0
0
0
0
1 2880
0
0
0
0
0
0
1 1695
1 7196
1 5506
0
0
0
0
0
1 2963
13 730 1210 1355 1931 2138 2145 2356 2739 3189 3201 3550 4520 6447
0
0
0
0
0
0
0
0
1 4519
0
0
0
0
2 357 409
0
1 3007
0
0
0
2 6129 7112
1 6880
0
0
1 3653
0
1 5196
0
0
0
0
0
0
0
0
0
1 1857
1 298
2 1214 3529
0
1 1596
0
0
0
0
0
1 6007
0
1 5198
0
0
0
0
0
0
0
0
0
0
1 1561
1 4004
1 6876
0
0
1 7739
0
0
0
0
0
0
0
0
0
0
0
0
0
0
1 6709
0
0
0
0
0
2 4834 7255
1 7786
1 1023
1 4765
12 156 198 248 310 1350 1548 2734 2770 3150 4529 6111 7499
0
0
1 4900
0
1 7194
1 6322
0
0
0
0
1 5683
0
0
0
1 5176
0
2 4015 7324
0
0
0
0
0
0
0
0
0
0
0
0
0
1 3205
0
0
0
0
0
0
2 5497 6871
0
0
0
0
0
0
1 6768
1 5438
2 2308 6974
0
0
1 7565
1 7626
0
1 6827
0
0
0
1 4062
0
0
0
0
0
0
0
0
0
0
1 5904
0
0
0
0
1 2861
0
0
0
0
0
0
0
0
0
0
1 5735
1 5962
0
0
2 1241 1472
1 4648
0
0
0
1 7967
0
0
0
5 4075 4099 5906 6339 7357
0
0
0
1 580
0
0
0
1 6191
0
0
0
0
0
0
1 5945
0
0
0
0
0
0
1 1991
0
1 5622
3 3894 4701 7365
0
0
0
0
2 2337 5728
0
0
2 2776 3507
1 7529
0
0
0
0
1 2249
0
0
0
0
3 2102 2123 2134
2 5794 5819
0
1 5442
0
1 6988
0
0
0
0
1 6233
2 5487 5815
1 92
1 3949
1 7670
1 1859
0
0
0
0
0
1 2882
0
0
0
0
0
1 1626
0
0
2 6593 6960
0
0
0
1 2345
0
0
0
0
0
0
0
1 6641
0
0
0
0
0
0
0
0
0
0
0
0
2 2548 2934
0
1 4667
0
0
1 1846
1 6779
1 4357
0
1 4044
0
2 1725 4086
1 4661
0
0
0
0
0
2 4331 4816
0
1 5073
0
0
0
0
0
1 7660
2 721 3188
0
0
0
0
1 3458
0
0
0
0
0
0
0
0
0
0
0
1 2208
0
0
0
2 2231 6084
0
0
0
0
0
0
0
0
0
0
1 4198
0
0
0
1 1648
0
0
0
0
0
1 5573
1 2811
4 1045 1638 2347 4980
0
0
0
0
0
0
0
0
0
0
1 4415
0
0
0
0
0
0
0
1 3687
0
0
1 3279
0
0
13 1347 1384 1854 2399 2622 2741 2943 3107 3164 3738 4248 6925 6940
0
0
1 2837
0
0
0
0
0
1 1772
0
1 2878
0
0
0
0
0
0
0
0
2 2493 5108
0
1 3506
0
0
0
0
0
1 5957
1 4261
1 7861
0
0
1 7015
0
2 5494 7476
0
2 3455 3576
0
0
0
3 2996 6374 7134
0
0
0
0
0
0
0
0
1 345
0
0
0
0
0
0
0
0
0
2 3305 3474
0
1 4508
0
0
0
0
0
2 1612 6414
0
0
0
0
1 3685
1 5839
0
1 7141
0
0
0
0
0
0
0
0
0
0
2 3094 5009
4 828 1486 1898 5259
0
0
0
0
0
0
0
0
1 6787
2 5170 5984
0
0
0
0
0
0
0
1 4685
1 6362
1 6316
0
0
0
1 3069
0
1 5120
0
0
0
0
0
2 2361 5751
0
1 1947
0
0
1 7396
0
2 4081 4452
0
0
0
0
1 757
1 5917
0
0
0
0
0
0
1 5668
0
0
0
0
0
0
8 25 107 161 280 457 533 891 1397
3 157 618 866
1 5606
0
0
0
0
0
1 6705
0
0
0
0
0
1 7717
0
1 5610
0
0
2 1801 5306
1 2549
0
0
1 5471
0
0
2 2037 5349
0
1 1324
0
0
1 4723
0
0
0
1 5954
0
0
0
0
0
0
0
0
0
1 4880
0
0
0
0
1 5947
0
0
1 1987
0
0
0
0
0
1 6838
0
0
0
0
0
0
0
1 1482
0
0
0
1 405
0
0
0
0
0
0
0
1 4773
1 4137
1 3044
0
0
0
0
0
1 750
3 649 2584 7198
1 5250
0
0
0
0
0
1 4552
0
0
1 4172
1 6754
1 3621
0
0
0
0
0
0
0
0
1 1959
5 799 3559 3826 4008 4851
0
0
0
0
4 4643 4731 4910 5219
0
0
0
2 2031 5999
0
2 4873 5832
1 2259
0
4 1005 1104 1708 6624
0
0
1 1097
0
0
0
0
0
0
0
1 5965
0
0
0
1 2131
0
2 3247 5096
0
0
2 3777 3913
1 7126
0
2 3709 3742
0
0
0
0
0
1 7801
1 2283
0
0
0
0
0
0
2 4531 7302
0
0
0
0
0
1 4974
0
0
0
0
0
0
1 2466
0
1 3868
0
0
0
0
0
1 1533
0
0
0
0
2 2634 3839
0
1 3804
0
0
2 6250 6565
0
0
1 3480
0
0
0
0
0
4 1921 2352 2831 3050
0
1 5733
0
0
0
0
0
0
0
0
0
0
1 2047
1 5226
0
0
0
0
0
0
1 7832
1 240
0
0
0
1 5612
1 7760
1 5925
0
0
1 7617
1 4148
1 7958
0
0
0
0
0
1 7668
0
0
0
0
0
0
0
0
3 2844 4583 7921
2 5211 5613
0
0
2 52 1164
0
0
0
0
0
0
1 7722
0
0
0
0
0
5 364 877 6724 6748 7735
0
0
1 831
4 5376 6224 6610 6962
1 2393
0
0
0
0
0
0
0
4 3135 3137 3163 3185
1 7077
0
0
1 1828
0
0
0
0
0
3 2809 3214 3666
0
0
0
1 3243
0
1 487
0
0
0
0
1 2544
0
0
0
0
0
1 1773
1 2912
0
2 4581 5031
0
0
1 5287
0
2 2800 3748
1 7155
0
0
0
1 2991
0
0
0
0
0
0
0
0
1 4342
0
0
0
9 1015 1016 1091 1184 1441 1541 1752 2009 7645
0
0
0
0
0
0
0
0
0
0
8 1327 1383 2756 2774 3234 3518 3801 4270
2 3000 3766
0
1 6146
0
0
2 5447 6247
0
0
0
2 1380 1978
0
0
0
1 4752
2 1370 1949
0
0
0
0
0
0
1 7803
0
1 7149
0
0
0
0
0
0
0
0
1 5359
0
0
0
0
0
1 5368
1 7187
1 983
0
0
0
0
0
0
0
0
1 1679
0
0
0
1 1579
3 1 192 522
1 5045
0
0
0
0
0
6 1440 1495 4361 4523 5491 5933
0
2 1258 1718
0
0
1 7321
0
0
0
0
0
0
1 7584
0
0
0
0
0
0
0
0
1 4686
4 1755 5160 7304 7449
0
0
0
0
1 2159
0
0
0
1 3998
0
0
0
2 5480 5509
0
1 7493
2 759 1501
0
0
0
0
0
3 2768 3270 6257
2 6664 7056
0
0
0
0
0
0
0
2 665 6217
0
0
0
0
1 4799
0
1 6114
0
1 3402
0
0
3 3632 6001 6154
0
0
1 5523
0
0
0
0
1 4888
0
0
3 215 229 546
0
1 7624
0
0
0
1 2452
0
1 6281
0
1 3762
0
1 5126
0
1 4124
0
0
1 5784
0
0
1 1676
3 1680 2605 2867
0
0
0
0
1 5555
0
0
0
0
0
0
0
0
0
0
0
0
0
0
0
0
2 83 2061
0
1 1468
0
0
1 7245
2 432 1237
1 6393
0
0
0
0
0
2 3805 4459
0
0
0
0
0
0
0
2 1637 1971
0
0
0
0
0
0
0
0
0
0
0
0
0
0
0
0
1 1868
0
0
0
1 2819
0
0
0
0
1 2292
0
0
1 4110
0
0
0
1 4302
0
0
0
0
0
1 7192
0
0
0
0
0
1 5653
5 2088 2144 3011 3511 4104
0
1 5200
0
1 7391
0
0
0
0
0
0
0
1 6458
1 5181
0
2 7158 7234
0
0
1 7666
0
1 5136
0
1 353
0
0
0
0
0
1 6152
0
1 5614
0
1 6913
1 3975
2 6500 7322
0
0
0
0
1 6975
0
0
1 2154
0
0
3 1111 3124 7102
0
0
0
0
0
1 557
0
3 1998 4862 5032
2 393 1415
0
0
0
0
0
0
0
0
0
0
0
0
1 3409
0
0
0
0
1 3863
0
0
2 6546 6848
0
0
0
2 6520 6669
0
1 4945
0
0
1 4288
0
0
0
0
0
0
0
0
0
0
1 4064
1 6844
0
0
0
1 3848
0
1 6853
0
0
0
1 6786
0
4 400 403 497 516
1 6595
0
0
0
0
0
0
0
0
1 6222
0
0
0
0
0
0
0
2 1454 4140
0
0
0
0
0
0
0
0
0
0
1 2985
2 565 2081
0
0
0
0
0
0
0
0
0
0
0
0
0
0
1 3261
1 2728
0
0
0
4 1068 2060 2999 4949
2 4252 4336
0
0
1 7130
0
0
0
0
0
0
1 1977
0
0
0
0
2 1934 4724
1 2552
0
0
0
0
0
0
0
0
0
0
0
2 5029 6433
1 5561
0
1 5270
2 6077 6206
0
0
1 4192
0
0
0
1 3679
0
0
0
2 5331 7606
0
0
0
0
0
0
0
0
0
0
0
0
0
0
0
0
0
2 2314 3255
0
1 2735
0
0
0
0
1 2026
3 3484 3793 4847
0
0
0
1 4469
0
0
0
0
0
0
2 3157 3853
0
0
0
0
0
0
2 645 819
0
0
0
0
0
0
0
0
0
1 5607
1 4933
0
2 4916 4976
0
0
1 4373
0
0
0
1 5403
0
0
0
0
0
0
0
0
0
0
1 4242
0
0
0
0
0
0
0
0
0
0
0
1 1653
0
0
0
0
0
0
1 3659
0
1 7732
0
0
0
1 5513
0
0
0
0
0
0
1 3718
0
0
0
1 7136
0
1 7800
0
1 2667
0
0
0
0
0
0
1 7438
0
2 4316 7578
0
0
0
0
0
0
0
0
0
0
0
0
0
0
0
0
1 7271
0
0
0
0
0
0
0
5 729 928 2446 7523 7723
0
1 3775
0
0
0
0
0
0
0
0
0
0
0
0
1 6950
0
1 4948
2 2471 3111
1 4083
0
0
0
0
0
0
0
0
0
2 6504 7498
0
0
1 4512
0
2 6326 7742
0
0
2 4153 4670
0
0
0
1 3340
0
0
0
3 646 1284 3778
0
0
0
0
1 6741
3 1674 1776 2046
0
0
0
0
0
0
0
0
0
1 1833
2 5361 6454
0
1 5316
1 4317
0
1 352
1 7789
0
0
0
0
0
0
2 7228 7814
0
0
3 6169 6916 6939
2 421 7852
1 3146
0
6 4359 4379 4385 4436 4455 4456
0
0
1 2976
0
0
0
8 3178 3342 3710 3919 4053 4461 4970 5023
0
0
1 4507
0
0
0
0
1 4220
0
1 1901
0
0
0
1 2958
0
0
1 5859
0
0
0
0
0
0
0
0
1 5695
0
0
0
0
0
0
0
1 4853
0
0
0
0
0
0
0
1 1123
1 3956
1 2697
3 5587 5597 7874
0
0
1 4720
0
0
2 3960 5329
0
0
0
2 6922 7871
0
0
0
0
1 3674
2 4778 6910
1 4093
0
1 5860
0
1 3957
0
0
2 1130 1222
0
0
1 4297
0
0
0
2 490 551
0
0
0
0
0
1 1757
0
1 3155
0
0
0
0
0
0
0
0
0
0
0
0
0
1 6800
0
1 3329
1 7718
0
0
0
0
2 7131 7782
0
1 6531
0
1 981
0
1 7677
1 6235
0
1 6518
0
0
0
0
0
0
0
4 3250 6371 6907 7862
0
0
0
0
0
0
0
0
1 7859
0
0
2 2656 7267
2 2518 6176
0
1 3448
0
0
0
1 5717
0
0
2 4390 4477
0
0
0
1 4828
0
1 2979
1 7045
1 5740
0
0
0
0
1 1235
0
0
0
0
0
0
0
0
0
0
0
1 5790
0
0
1 1345
0
0
1 5736
0
0
0
0
0
0
0
0
0
0
1 2788
0
0
0
0
0
0
3 3656 3834 4870
3 1337 4065 7463
0
0
0
0
0
1 5565
0
0
0
1 4363
0
0
0
0
0
0
0
2 1201 2938
1 171
1 7006
0
0
1 2748
1 6074
0
0
1 2982
0
0
0
0
0
0
1 7184
0
0
0
0
0
2 1476 4988
0
0
1 6167
0
0
0
0
0
0
1 6687
1 680
0
0
1 4558
0
0
3 51 74 219
1 5774
0
0
0
0
0
0
0
0
1 4524
0
0
0
1 6725
0
0
0
0
0
0
2 3601 5922
0
2 3257 7795
0
0
0
1 6194
2 1470 1531
0
0
0
1 2197
1 1537
0
0
0
0
0
0
0
0
0
0
0
0
2 3116 3310
0
0
0
0
0
1 4953
0
0
0
0
0
0
0
0
0
0
0
3 188 387 844
0
1 4454
0
0
0
1 3806
0
0
0
2 3422 6110
0
1 2020
0
0
1 2211
0
0
0
1 7658
0
1 3545
0
0
0
1 1513
0
0
1 4251
0
1 2116
0
0
1 7327
3 3992 3997 4217
0
0
0
0
2 6395 7573
0
0
0
0
0
1 3622
0
0
0
3 1729 1759 1778
0
0
0
0
0
0
0
0
0
0
0
0
0
0
0
0
0
2 6078 7684
1 5868
0
0
0
0
0
0
0
3 5396 6341 7833
0
0
0
1 1819
0
0
0
0
0
1 2655
0
0
0
0
0
0
0
0
0
0
0
0
0
0
0
1 1306
0
0
1 1562
0
0
1 1453
0
0
0
0
0
1 7274
0
0
0
0
1 6293
1 6569
0
1 6412
0
0
0
0
0
1 3049
0
0
0
1 2148
0
0
1 7551
0
0
0
0
0
0
1 5615
1 4274
0
0
1 6040
1 6303
0
0
0
0
0
1 6964
0
0
1 1372
0
0
0
0
0
0
1 7605
1 3841
0
0
0
1 3627
0
0
0
0
0
0
3 1105 2447 3444
4 1176 1249 1341 4054
0
0
0
1 6451
0
2 2907 3989
0
2 3381 6052
0
0
0
0
0
0
0
1 5216
1 3392
1 3085
0
0
3 2877 5423 7743
0
0
0
0
0
0
11 501 752 895 1407 1499 1887 2125 2311 2669 2989 7263
0
0
0
1 1766
3 48 77 136
0
2 7778 7834
1 5467
0
0
1 7108
0
0
0
0
0
0
0
0
0
1 2286
0
2 2828 7841
2 4049 7456
1 4122
0
0
0
0
0
0
0
0
0
0
1 6429
1 7633
0
0
1 7692
0
0
0
0
1 7144
0
0
0
2 5771 5863
1 7960
2 3370 6425
0
0
0
1 4338
0
0
0
0
0
0
1 3516
0
1 7079
2 1756 2190
0
0
2 4299 6606
1 1621
0
1 2550
1 6099
0
0
0
0
0
0
2 7401 7598
0
0
0
0
0
2 3600 6123
0
0
2 1935 7221
0
0
2 1791 5660
0
0
0
2 1803 2215
0
0
0
0
0
2 594 1062
0
1 2900
0
0
1 6802
0
0
0
0
1 3953
1 3782
0
2 2416 7419
0
0
0
0
0
0
4 2002 2372 3186 3415
0
0
0
0
0
0
0
0
0
1 7769
0
0
1 5750
1 5996
0
1 4811
0
0
1 6427
2 4768 6334
0
0
1 7206
0
1 6980
0
0
0
0
0
2 5658 7370
0
0
3 477 484 2781
0
0
1 2993
0
1 6553
1 4694
0
0
1 5321
0
0
1 3357
0
0
0
0
1 1962
0
0
0
0
1 6832
0
0
1 3760
0
0
1 5525
0
2 1463 1492
0
0
0
0
0
0
0
0
0
0
0
0
0
0
0
0
0
0
0
0
2 3569 5749
0
0
0
1 7347
0
0
0
0
2 507 4680
0
0
0
0
0
0
0
0
3 1170 1777 2918
0
3 3803 4315 4408
0
0
0
1 5876
0
0
0
2 4433 4918
0
0
5 505 687 1445 1837 2624
0
0
0
0
0
0
1 7613
1 166
1 4567
0
1 5671
1 3698
0
0
0
2 3064 5690
0
0
1 4047
0
0
0
0
1 7870
0
0
2 4992 6937
0
0
0
1 3177
0
0
1 7655
1 3492
1 2406
0
0
1 6780
0
2 5700 7900
0
1 6671
0
0
1 6342
0
1 965
1 2988
0
1 6717
0
0
1 3338
0
2 5536 6810
0
0
0
1 5338
0
0
0
0
0
0
0
0
0
0
0
0
0
0
1 6788
1 6361
1 6572
0
1 7804
0
7 106 178 837 1379 1657 1853 2793
1 2701
0
0
0
0
2 1943 2926
0
0
0
0
1 2913
0
0
0
0
2 7364 7854
0
6 3183 3602 5166 5459 7014 7600
0
2 3373 5286
0
2 2766 5082
0
0
0
1 953
0
1 6137
0
0
0
2 2736 3242
1 7756
1 5148
0
0
0
2 3501 7284
0
0
0
0
0
0
0
0
0
1 3571
0
0
1 5332
0
0
0
0
0
0
0
0
1 5504
1 4267
0
0
0
0
0
1 2911
0
0
0
0
0
0
0
0
0
2 1246 7440
0
0
1 2229
0
0
0
0
0
0
0
0
1 5087
0
0
0
0
0
0
1 4271
1 6632
0
0
1 3204
0
1 7060
0
0
0
0
0
0
1 4718
0
0
0
0
0
2 4774 5214
0
0
0
0
0
0
0
0
0
0
0
0
0
0
0
0
0
0
0
3 822 902 950
0
1 1855
0
1 1041
0
1 4877
0
0
0
0
0
1 7673
0
0
0
2 5763 7837
1 5684
0
1 6027
1 7925
0
0
0
0
0
0
0
0
0
0
0
0
0
0
0
0
1 2086
0
0
0
1 3424
0
0
0
0
0
0
1 4141
1 5186
0
0
0
0
0
0
1 467
0
0
0
0
0
0
0
4 1542 1589 4127 6618
0
0
1 6041
0
0
0
1 5527
0
0
0
0
0
0
0
0
0
1 7808
0
0
0
1 2065
0
0
1 3356
0
0
0
0
0
0
0
0
0
0
1 5887
0
0
1 3109
0
0
0
1 4017
0
0
0
0
1 5980
0
0
8 1026 1051 1233 1603 2651 3436 4693 6161
1 1435
0
0
0
0
0
0
1 2262
0
0
0
1 7710
0
0
0
1 6269
0
0
0
0
0
0
0
0
0
1 4681
0
0
0
0
0
0
2 2983 4269
2 206 3324
1 1583
0
1 5322
0
0
0
0
0
0
0
1 7043
0
0
0
0
0
0
0
0
0
0
1 5411
0
0
0
1 5589
1 702
1 439
1 5874
0
0
0
1 54
0
0
0
0
0
0
0
0
0
1 1366
2 2930 3623
0
0
1 6702
0
0
0
0
0
0
2 918 1830
0
0
0
0
0
0
0
1 6992
0
1 3885
0
0
0
0
0
0
1 6545
0
0
2 2177 5645
0
2 2057 4011
0
0
1 624
0
0
0
2 223 386
0
0
0
0
0
1 6455
0
0
3 2291 2370 3993
0
3 1682 1685 1706
0
1 4605
0
0
4 3149 3408 3646 4465
0
0
0
0
0
0
0
0
0
0
0
0
0
1 5553
0
0
0
0
0
0
0
0
0
0
0
0
0
1 7601
0
1 6397
1 5837
0
0
2 1556 4305
0
0
0
1 869
2 6804 7039
0
0
0
0
0
1 6867
0
0
0
1 5540
0
0
0
0
2 3721 6388
2 1948 7729
0
0
0
0
2 373 4756
6 474 951 1577 2962 3401 5814
1 562
0
0
1 510
0
0
0
0
0
0
0
0
0
0
0
0
0
0
0
0
7 1640 1996 3233 3454 5105 6143 6282
0
0
0
0
0
0
1 5462
0
0
0
0
2 7495 7816
0
0
0
0
0
0
0
0
0
0
0
1 3371
0
0
0
1 4932
2 691 1618
1 6588
0
0
0
0
0
0
0
2 1812 2192
1 5441
0
1 3628
0
0
0
0
0
0
0
0
0
0
0
0
2 2868 3833
0
0
0
0
0
0
0
0
0
0
0
0
0
0
0
0
3 1592 3664 5296
0
0
0
0
1 598
0
0
2 4717 7965
1 4466
0
0
0
0
1 5585
0
0
0
0
0
0
1 7480
0
0
1 2510
0
0
1 5568
1 4482
0
0
0
0
0
0
2 2632 3677
1 5601
0
0
2 630 1129
0
1 7208
0
0
0
0
0
0
0
1 3588
0
0
0
0
0
0
1 6265
0
2 5014 6125
0
0
0
0
3 1018 1554 6660
0
1 2316
0
0
0
0
0
0
1 6539
0
3 824 3876 4540
10 57 130 196 245 247 256 269 296 316 491
3 3954 6251 6252
0
0
0
1 868
0
0
5 855 1200 1239 1265 4767
0
0
0
1 5103
0
0
0
0
0
0
0
0
0
0
0
0
0
1 2903
0
0
2 4486 7757
0
0
0
15 191 232 417 489 552 840 857 1368 1843 1932 2000 2161 2310 2646 4147
0
1 7156
1 5119
0
0
1 6218
1 4801
0
2 5333 5340
0
0
1 7963
2 1761 6906
0
0
0
0
0
0
0
0
0
0
1 4247
0
0
1 3378
1 5000
0
1 7387
0
0
0
1 6248
1 7239
0
0
1 4814
0
0
2 2585 7412
0
0
0
1 3952
1 7716
0
0
0
0
0
0
1 110
2 7417 7753
0
0
0
1 3032
0
0
0
0
1 658
0
0
0
0
0
0
0
0
0
1 2762
0
0
0
1 2972
0
0
4 569 1128 3024 5102
0
1 4562
0
0
1 6973
0
2 678 1990
0
3 2078 2692 4128
0
0
0
0
0
0
0
0
0
6 753 1929 4534 4939 5451 5805
0
0
0
2 5588 7243
2 3110 3512
0
0
2 28 747
0
0
2 4094 5795
1 5551
0
0
0
0
1 1786
0
0
0
1 2287
0
1 4040
0
0
0
0
0
0
0
0
1 6637
0
0
0
0
0
0
0
0
0
0
0
0
0
0
0
0
0
0
2 2780 4528
0
0
0
0
0
0
0
0
0
0
1 3320
0
0
0
0
1 7337
0
0
1 7851
0
0
0
1 5375
0
0
0
0
0
0
0
0
0
0
1 6477
0
0
0
0
0
0
0
0
0
0
2 1175 6611
1 6661
0
1 3825
3 3541 3789 4026
1 7863
0
1 7074
0
0
0
0
0
0
0
0
0
0
0
0
1 4057
2 2803 6766
0
1 5221
0
1 217
0
0
1 7563
0
0
0
1 1889
0
0
0
0
0
0
0
1 6391
0
0
0
0
0
0
0
2 4223 5757
0
0
0
0
0
1 3071
11 419 444 631 688 1794 1795 1813 2778 3276 3319 7026
0
0
0
1 5191
1 5115
0
1 4160
0
0
0
0
0
0
0
0
0
0
0
0
0
1 7366
0
0
0
0
0
0
0
0
1 4542
0
0
0
0
0
1 5596
2 3642 5646
0
0
1 5022
0
0
0
0
0
0
1 2121
0
1 4002
1 668
4 5042 5532 5773 7089
0
0
0
0
0
1 3629
0
0
0
0
0
0
0
0
0
0
1 6219
2 3930 5152
1 6826
0
0
0
0
1 7980
0
0
0
0
0
0
0
2 2725 6291
0
0
0
0
1 7571
0
0
0
0
0
0
0
0
1 7318
2 1793 6197
0
0
0
1 377
0
0
0
0
1 3231
0
0
0
2 2266 3308
0
0
0
0
0
0
1 6681
1 5829
1 7375
0
4 1106 2129 4927 5584
0
0
0
0
0
0
0
0
0
0
2 1202 5356
0
2 6073 6090
0
0
0
0
1 7266
0
0
0
0
0
0
0
0
0
0
1 6089
0
0
0
0
0
0
0
0
1 2470
0
0
0
0
0
0
0
1 6578
0
1 1869
0
1 4163
0
0
0
1 1704
0
1 5156
1 3661
0
0
1 4837
0
0
0
0
2 5180 6417
0
0
1 4087
0
1 3850
2 2714 5291
0
0
1 7910
0
1 7561
1 2200
0
0
1 6436
1 641
0
0
0
0
0
0
0
0
0
0
0
0
0
0
0
2 7035 7181
0
0
0
1 2094
0
0
0
0
0
0
0
1 3151
3 3859 3867 4006
0
0
0
0
0
0
1 4878
1 6386
0
0
0
0
0
0
0
1 7951
0
0
0
0
0
0
0
0
0
0
2 1740 4579
0
0
0
0
1 7544
0
0
0
0
0
0
0
0
0
0
3 2532 3202 3584
0
0
0
1 5694
0
0
1 6894
1 3457
0
0
0
1 7793
0
4 7439 7445 7525 7580
0
0
1 480
0
0
0
0
0
0
11 334 498 519 549 585 1076 1485 2033 2303 2636 3937
1 6170
0
0
0
0
0
0
0
0
0
0
0
1 3500
0
0
0
0
0
1 3792
1 6548
0
0
0
1 6568
1 7698
0
1 1847
0
1 2613
0
1 5564
1 7088
0
0
0
0
1 7688
0
0
1 5902
1 5190
0
1 1107
0
0
0
0
0
0
0
0
0
0
1 6033
0
0
0
0
0
0
0
0
0
0
0
0
1 7972
0
1 6411
1 1880
0
0
2 295 7395
0
8 169 615 1149 4157 5724 7348 7728 7916
0
0
0
0
0
0
0
0
0
2 802 3057
1 3456
0
0
0
0
1 6182
0
0
0
1 2109
2 524 786
0
1 3190
0
1 7526
3 782 991 3896
0
1 303
0
0
0
0
0
0
0
1 5495
1 5731
1 3256
2 733 6053
0
0
0
0
0
2 3552 3683
0
0
0
0
0
0
0
1 7388
1 2324
0
0
1 6418
1 1122
0
0
0
1 2617
2 1738 5083
0
0
0
0
1 2865
0
0
0
0
0
0
0
0
0
0
0
2 3774 6261
0
0
2 6276 6953
0
0
0
0
0
0
0
0
0
0
0
0
0
0
0
0
0
0
0
0
2 2523 2846
0
0
0
0
0
1 4624
0
0
0
1 6313
0
0
0
0
1 3029
1 7652
0
1 279
0
0
0
4 2862 2885 5172 6589
3 1124 1439 3368
3 1625 2389 3091
0
0
0
0
7 538 628 1153 1688 1946 2891 7278
1 2763
0
1 481
6 431 435 1209 1333 2687 2812
0
0
0
0
0
1 5888
3 3046 4281 5050
0
0
0
1 5807
0
1 7501
0
1 5583
0
0
0
0
0
1 2946
0
0
0
0
1 3581
0
0
0
0
0
0
1 5810
0
0
1 1190
0
0
0
0
1 5457
4 258 504 4965 7619
1 939
4 917 1186 1782 4266
1 5913
0
0
0
0
0
1 3393
3 1575 3605 5648
0
1 7059
3 3066 6888 7213
1 7250
3 2547 2733 5665
0
0
0
0
0
0
0
0
0
0
0
0
2 705 1652
1 5800
0
1 6567
1 5208
3 3396 3400 3417
0
0
0
1 6986
0
0
0
1 7618
0
0
1 7331
0
0
0
0
0
0
0
0
0
1 4341
0
0
0
0
0
0
2 2456 3498
1 2942
0
0
0
0
1 2932
2 1457 2034
0
0
0
0
2 1442 2562
2 896 3708
0
0
0
0
1 7360
0
0
0
0
0
0
0
0
0
1 3041
1 6833
1 1598
0
1 6063
0
1 3210
1 5699
0
0
0
0
0
0
0
0
0
0
0
0
0
0
0
0
1 5838
0
1 5413
0
0
0
0
0
0
0
0
0
0
1 309
1 5617
0
2 5283 5905
0
0
0
0
0
0
0
0
2 6856 7169
0
0
0
2 6159 7855
0
0
1 1877
0
0
0
0
0
0
0
1 3301
0
0
0
0
0
0
0
0
0
0
0
0
0
0
1 7385
0
0
0
1 5011
0
1 2301
0
0
0
0
1 6262
1 5318
0
0
0
0
0
1 4290
1 7361
0
0
1 6254
1 3883
0
0
0
0
2 284 5077
0
0
1 7727
0
1 6014
0
0
1 901
1 7615
0
0
1 7751
0
0
1 4402
0
0
1 5389
1 6977
4 2003 4950 6283 6879
0
4 2889 2920 3021 3039
0
0
0
0
0
2 6220 6348
0
0
2 4369 7473
0
0
0
0
1 7125
0
0
1 6324
0
0
0
1 3217
0
0
0
0
0
2 264 3211
0
0
0
0
0
0
1 6438
0
0
1 1515
0
0
0
1 321
0
1 6246
0
0
0
0
0
0
3 412 945 1322
0
0
1 6757
0
0
0
2 6634 7758
0
0
0
0
1 4780
1 2232
0
0
0
0
0
1 1375
4 246 266 415 3354
1 6767
0
1 7703
0
2 4571 6749
0
0
0
3 792 1039 5366
0
1 163
0
0
0
0
1 7664
1 6744
0
3 85 2058 7877
1 5619
0
0
0
0
0
0
0
0
0
1 4849
0
1 5687
0
0
0
0
0
3 506 1191 6865
0
1 6358
2 2746 4441
0
0
0
1 2233
0
0
0
1 286
0
1 224
1 5178
0
0
0
0
0
0
0
3 4375 4462 5363
0
0
0
1 3663
1 5426
1 7566
0
0
0
2 4747 6082
1 7889
0
0
0
1 6489
0
0
1 2850
0
0
0
0
0
0
0
0
0
0
2 3306 6010
0
0
0
1 7210
0
0
0
13 2083 2564 2705 2790 3059 3311 3420 3527 3582 3776 4073 4937 6464
0
0
1 4256
1 2398
0
0
0
0
1 1036
0
0
1 5281
1 3092
1 6446
0
0
0
0
0
2 2635 5761
0
0
0
0
0
0
0
0
9 388 461 1425 1588 1619 2377 4366 4646 6512
1 5053
0
0
0
0
0
0
1 6331
0
0
0
1 2512
0
0
0
0
0
0
0
1 3986
0
2 1019 6523
0
0
0
0
3 2480 3496 6639
0
0
0
0
1 3864
0
1 5070
1 1799
0
0
0
0
4 2443 2474 2505 3638
0
2 2929 4249
0
0
0
0
0
1 5618
0
1 3523
0
0
0
0
0
1 4388
0
1 3617
6 616 1331 2036 2218 4216 6851
1 5235
0
0
0
0
0
0
0
0
3 4805 4838 6562
0
0
0
0
0
0
2 4522 4538
0
1 64
5 49 1012 1498 2515 4176
0
0
0
1 1444
0
0
1 3196
0
0
1 6292
0
0
2 916 2099
0
0
0
0
0
0
0
0
0
0
0
0
0
0
0
1 7295
1 2887
0
0
0
0
0
0
0
1 5401
0
1 5086
1 1390
0
0
1 208
2 2986 6608
0
0
0
1 7338
0
23 213 402 568 576 863 1014 1113 1157 1399 1569 1604 1606 1774 2694 3055 3824 4595 5052 6035 6550 6570 6984 7147
0
0
0
0
1 3593
0
0
0
0
0
0
0
0
1 1975
0
0
0
0
0
0
0
0
0
5 369 1213 1273 1650 1832
0
0
0
0
1 3916
0
0
1 3772
0
0
0
2 1137 5417
1 6174
0
0
0
0
0
0
0
0
0
0
0
0
0
0
0
0
1 3640
2 4546 7543
0
0
0
0
0
1 7217
0
0
1 2596
2 5891 7092
1 2827
1 300
0
1 2970
0
0
0
0
0
1 5257
1 4596
0
0
0
1 4733
0
0
0
0
0
0
0
0
5 588 1365 2176 2428 5640
0
0
0
0
1 4332
3 1456 1547 1775
0
0
0
0
0
1 2024
1 2128
0
0
1 4656
0
0
0
0
2 1002 6428
0
0
0
0
0
0
0
0
0
0
0
0
0
0
0
0
0
0
0
0
1 1335
0
0
0
1 6600
0
0
0
0
0
0
0
0
0
0
0
3 4784 7168 7363
1 6830
0
3 162 1244 6048
0
0
0
0
0
3 1296 1369 1433
0
0
0
1 3719
0
0
0
1 2469
0
0
0
0
7 2007 2497 2706 4208 4533 5207 5285
2 6278 6949
0
0
0
0
0
1 6583
2 2567 6870
7 998 1080 1551 2270 3167 4678 6365
0
0
0
0
0
4 4300 6892 6943 7461
0
0
0
1 4982
0
0
0
3 390 1808 1913
0
1 5107
0
0
1 1649
0
0
0
0
0
0
2 851 1926
1 1115
1 5387
0
1 3086
0
0
0
0
0
0
1 7936
0
0
0
0
0
0
0
0
7 3012 4489 4795 4856 7055 7818 7915
0
0
0
0
0
0
0
0
0
2 6592 6805
0
0
1 5670
2 1884 4630
1 3330
0
1 1954
0
0
0
0
0
2 5026 5858
0
0
1 4833
2 7452 7479
1 6526
0
0
0
0
0
0
0
7 259 534 1151 1268 2246 3977 7524
0
0
1 391
0
0
1 2049
1 2852
1 5544
0
0
0
5 744 3890 4471 5093 6559
0
0
0
0
7 3508 3531 4056 4789 4917 5770 7270
0
0
0
0
1 5512
1 7425
0
0
1 6229
0
0
0
2 2166 2371
0
1 7406
0
0
1 5342
0
0
0
0
0
0
1 3595
1 6603
1 5824
1 7232
0
0
0
0
0
0
0
0
0
0
0
0
0
0
0
0
0
0
1 4165
1 5400
0
0
0
1 5624
0
0
0
0
0
0
0
0
0
0
0
0
1 7000
0
0
0
0
2 3237 4920
1 6112
0
0
0
0
0
0
1 7465
0
0
0
1 4824
1 4729
0
0
0
0
0
1 4105
0
0
0
0
1 2668
0
0
0
0
0
0
0
0
0
0
1 4085
0
0
2 5488 5719
1 7226
0
0
0
0
0
0
0
0
1 4695
0
1 2496
0
0
0
1 907
0
0
1 6044
0
0
0
1 1950
0
0
1 7037
0
0
0
0
0
0
1 2936
0
0
0
0
0
0
0
1 7275
0
0
0
0
0
1 7400
0
1 3405
0
0
0
0
1 7736
3 5816 7636 7899
0
0
0
0
0
0
1 5567
1 4304
0
0
0
0
0
1 7791
0
0
0
1 4055
0
0
1 2708
2 7047 7659
0
2 7712 7787
0
1 596
0
0
0
1 3555
0
0
1 2591
0
0
0
1 2354
0
2 3735 7640
1 6142
0
1 5090
0
0
0
3 4089 5415 6659
0
0
0
0
0
2 228 2001
0
0
0
0
0
0
1 7123
1 1730
0
0
2 3958 4728
0
0
0
0
0
0
0
0
0
0
0
0
0
0
0
0
1 6330
1 4513
0
0
0
0
0
1 6445
0
0
0
0
0
0
1 2723
0
0
1 2254
0
0
1 5813
0
5 2712 3967 4175 5878 6431
0
0
0
2 2357 3915
0
0
0
1 2653
0
0
1 6369
0
1 6190
0
0
1 6051
0
0
0
0
1 1862
0
0
2 2944 4180
0
1 7057
0
1 4957
0
1 7435
0
1 6396
2 4943 5476
0
0
0
0
3 2418 2421 5027
0
0
0
0
1 5881
1 6818
0
0
0
0
1 5304
0
1 3749
0
3 3236 4253 6623
0
0
0
0
0
0
0
0
0
0
0
0
1 5501
0
2 6503 6824
0
0
1 7446
1 3625
2 798 2905
0
1 3887
0
0
0
0
2 890 1172
0
1 694
0
2 4875 4951
0
0
0
0
0
0
2 5890 6384
0
0
1 1478
0
1 5924
5 571 591 2318 4167 6944
0
0
0
1 4293
1 6763
1 2260
0
2 1538 5446
1 122
0
1 7407
0
0
0
0
1 5964
2 241 7895
0
1 4860
0
2 305 634
2 1591 2441
0
1 4474
1 3686
0
0
0
0
0
0
1 7484
0
1 1939
0
0
1 2664
1 6769
0
0
0
1 7316
0
0
0
0
0
0
0
0
0
0
0
1 1438
0
0
0
0
3 1462 2358 7072
1 3517
0
1 7835
0
1 3910
2 6101 7113
2 2075 3614
0
1 1061
0
2 706 3316
0
0
0
2 3962 6443
0
0
1 3197
0
0
1 2130
1 6158
0
0
0
1 7746
1 6968
2 5822 5928
1 5405
0
0
0
0
0
0
1 4539
1 4931
1 1632
0
0
0
0
0
0
1 820
0
0
0
0
0
0
0
1 6745
0
0
0
0
1 3905
0
0
0
0
1 1025
0
0
0
0
0
1 2808
1 7429
4 2482 2792 3692 3955
5 547 732 993 5560 6471
0
0
0
0
0
0
0
0
2 1848 2620
0
0
0
0
0
1 4152
0
0
0
0
2 12 530
0
0
0
1 5940
0
1 1167
1 5616
1 7260
0
0
0
0
1 7032
0
0
0
0
0
0
0
0
0
0
0
0
2 1387 2074
0
0
0
7 179 182 1419 1634 2529 3359 6496
0
2 200 204
1 42
0
1 5539
1 2412
2 500 773
0
1 3443
0
0
0
0
0
0
0
0
0
2 6079 6302
0
0
0
0
3 1840 6666 7614
0
1 4074
0
0
0
0
1 7797
0
0
0
0
0
0
0
0
0
0
7 848 1474 2848 4052 5025 6909 7799
0
0
0
0
0
0
0
0
2 2488 3938
4 2038 4258 5938 6874
0
0
0
0
0
1 6172
0
0
1 1493
0
0
2 3353 6699
0
0
1 3020
0
0
0
2 5570 7585
0
0
0
1 3532
0
0
0
1 1798
0
1 2807
1 7924
0
0
0
0
0
2 1009 3821
0
0
0
1 3478
0
0
1 5715
0
0
0
0
0
0
0
0
2 4809 6298
1 2300
1 3765
0
0
0
0
0
2 3592 4228
1 2796
1 3643
0
0
2 1535 6931
0
0
0
0
0
0
0
0
0
1 2023
0
2 841 1694
0
1 4431
1 3106
0
0
0
0
0
0
0
1 7679
0
0
1 6764
2 2296 4159
0
0
0
0
0
0
0
0
0
0
2 2341 2795
0
0
0
0
0
1 7220
0
1 5443
0
0
0
1 2087
0
0
1 2509
0
0
0
1 7909
0
0
0
2 2230 2332
0
0
0
0
0
0
0
1 6155
0
1 4416
0
0
0
0
1 7720
5 1714 2182 2810 3216 3715
1 5967
0
0
0
0
0
0
0
0
0
1 4003
0
0
0
0
1 3817
0
0
0
0
0
0
0
0
1 2633
0
0
0
0
0
0
1 3031
0
1 4526
0
0
0
0
0
0
0
0
0
0
0
0
1 3528
0
0
2 2201 2836
0
0
0
0
0
0
0
0
1 7246
0
0
0
1 5803
0
0
0
0
1 7567
0
0
1 7415
2 288 984
0
0
0
1 5301
0
1 4354
0
0
2 2784 7153
0
0
0
0
0
0
0
0
0
0
1 1447
0
0
8 2348 2394 2395 2402 2408 2503 3906 6401
0
0
0
0
0
0
2 1177 2431
0
0
0
0
0
0
0
0
1 7053
0
0
2 2305 4787
0
1 6189
0
0
0
0
0
1 2199
0
1 7774
0
0
1 6081
0
0
0
0
0
1 7433
0
0
1 2313
0
0
0
0
1 2538
0
0
0
0
0
0
0
0
0
0
0
0
0
5 1030 1920 5433 6825 7542
2 1049 4479
0
2 4195 6645
0
0
0
0
3 6994 7343 7694
0
0
0
0
0
0
0
0
2 5516 5537
0
0
0
1 2095
1 5492
0
0
1 2104
1 6793
0
0
0
0
0
1 3678
2 3088 3787
0
0
0
3 6435 6948 7333
0
0
0
0
1 6991
0
0
1 4490
1 5012
0
0
0
0
0
1 3693
0
0
0
0
0
0
1 4653
0
3 2659 2672 6680
0
0
0
0
0
0
0
1 6377
1 6811
0
0
0
0
1 5775
1 5184
0
0
0
0
0
1 7593
0
0
0
3 1326 1914 7603
0
0
2 986 3510
4 203 265 592 3052
0
0
1 7546
1 4785
0
0
0
1 2491
0
0
0
0
0
0
1 3078
0
0
1 2696
0
1 3694
0
0
0
0
0
0
0
0
0
0
0
0
0
0
0
6 1194 2051 2113 2579 3476 5358
0
0
0
1 6690
2 1780 3780
0
1 6510
0
1 7107
0
1 5138
0
0
0
0
0
0
0
0
3 174 2052 3756
3 271 4629 4641
1 6883
0
0
1 3449
0
2 72 1471
1 6307
0
0
0
0
2 5299 5453
0
0
0
2 3374 4743
0
0
2 2997 4090
0
0
1 5452
0
1 4698
0
0
1 4224
0
1 6486
0
0
3 6732 7451 7581
1 2268
0
1 5155
1 4762
0
1 1765
0
0
0
0
0
0
0
0
0
1 7286
0
0
6 459 494 627 659 871 885
0
0
16 326 356 418 651 850 1328 1614 2344 2608 2610 2658 2660 3969 4907 7377 7893
1 2473
0
1 3143
0
0
1 6426
1 7441
0
0
0
0
0
1 5720
0
0
0
1 5489
0
0
0
0
2 1031 4088
3 4048 4121 6720
0
0
0
0
1 3391
0
0
2 3633 6117
1 1610
0
0
0
0
0
0
0
2 2253 3706
0
0
0
0
0
0
0
2 2251 2340
0
0
0
0
0
0
0
4 2904 3560 3739 5543
0
0
4 3468 4633 5739 7541
0
0
0
0
0
0
1 4202
1 5002
0
1 6847
0
0
0
0
0
1 5764
0
0
0
0
0
0
1 528
0
0
0
0
0
0
0
0
0
1 3586
0
0
0
0
0
1 4032
0
0
2 5828 6696
0
0
0
0
0
2 964 3404
0
0
1 5118
0
0
0
1 6792
0
2 3312 5302
0
0
0
0
1 3296
0
1 6946
0
0
0
0
1 6718
1 2275
0
0
0
0
1 1686
0
1 5623
0
2 2854 7143
0
0
1 7726
0
0
1 6617
1 3857
0
0
2 4771 6704
0
0
0
0
0
0
0
0
0
2 4997 4998
0
0
0
1 3987
1 2843
0
0
0
1 2276
0
0
0
0
0
0
0
1 7610
0
1 4400
1 7622
0
0
0
0
0
0
0
0
1 3851
0
0
0
1 2205
0
0
1 4857
0
1 1952
2 3618 5659
1 6491
0
0
0
0
0
0
0
0
1 7686
0
0
0
0
0
2 1518 6707
1 6360
0
4 2073 3634 5310 6043
0
0
0
0
0
0
0
0
0
1 6737
0
2 692 867
1 7976
0
0
1 5857
0
1 915
0
0
0
0
2 2842 4183
0
0
0
0
0
0
0
1 7823
0
0
0
0
0
0
0
0
0
0
0
0
0
0
0
0
3 2611 4079 4155
0
1 4397
0
0
0
1 6560
0
0
0
0
0
0
0
1 7308
0
5 1721 1924 4923 6120 6479
0
0
1 597
0
0
0
0
0
1 5524
0
1 5734
0
0
0
0
0
0
0
1 2987
0
0
0
0
0
0
0
0
0
0
3 145 1881 5416
0
0
0
2 537 862
0
0
6 134 312 367 622 683 978
0
0
0
0
0
1 6268
1 6651
0
0
0
1 5414
0
1 4318
2 4554 7829
1 4264
1 2866
1 5522
0
0
1 3304
1 4532
0
1 4014
0
0
0
0
0
0
0
0
0
2 5812 6256
1 7850
0
0
1 5943
0
0
0
0
0
0
7 2462 2838 2921 3983 4285 4984 5826
0
0
0
0
0
1 2248
0
0
0
0
0
2 3426 3763
1 4525
0
0
0
0
0
0
1 3411
0
0
1 2575
0
0
0
0
0
0
0
0
0
0
0
0
0
0
0
0
0
0
0
0
3 440 1314 5074
0
0
0
0
0
0
0
0
0
0
1 5680
0
0
0
1 5666
0
0
0
0
0
5 1033 1860 2423 6822 7041
0
0
0
0
0
1 3398
0
0
0
0
0
0
0
0
0
0
0
2 1701 5823
1 1183
0
3 726 944 2964
1 2775
0
0
0
0
1 340
0
0
0
0
0
0
0
0
0
2 6536 7807
0
0
0
0
0
0
0
0
0
0
0
0
0
0
0
0
0
0
1 560
3 2355 3238 6574
0
0
1 6694
4 60 98 336 996
2 3077 5335
0
0
0
0
0
0
0
1 7971
1 7471
1 7475
0
0
0
1 7587
1 5697
0
0
0
0
0
0
0
0
1 7858
1 1933
1 3568
0
0
0
0
0
0
0
0
0
1 805
0
0
3 5391 6738 7927
0
1 5339
0
2 3752 6306
1 5385
0
1 6625
5 1192 2531 2535 2718 3252
3 4211 4213 4240
0
1 5686
0
0
0
2 739 7938
0
0
0
0
0
0
0
1 2140
0
0
0
1 3802
0
0
1 4883
1 6057
0
0
0
0
0
0
1 4560
0
1 7514
0
0
0
0
0
0
0
0
0
0
0
0
2 3034 7280
0
0
0
0
0
0
0
2 3727 7094
0
0
0
0
0
0
4 71 127 325 341
0
0
0
1 975
0
1 5706
0
0
0
1 6244
0
1 1512
0
0
0
1 778
0
1 6884
0
0
0
0
0
0
0
0
5 1017 1205 1437 2256 6509
2 7191 7399
0
0
1 7904
0
0
0
0
0
0
0
0
0
0
0
0
0
1 1422
2 2468 3087
0
0
1 5755
0
0
2 91 1180
0
0
0
1 2797
0
0
0
1 5866
0
0
0
0
1 7589
0
0
0
0
3 878 956 1910
0
0
0
0
1 3535
1 6297
0
1 7311
0
0
0
2 2992 4730
0
0
0
0
0
0
0
0
0
0
1 6024
0
0
0
0
0
0
0
0
0
0
2 2603 6936
0
1 5886
0
0
0
0
0
0
0
0
0
0
0
0
0
0
0
0
0
0
0
1 2223
0
1 4655
0
0
0
0
0
0
0
0
0
7 2485 2937 3043 3045 3712 4082 5089
0
0
0
1 7881
1 5676
0
0
1 3519
1 3926
0
0
0
0
1 5419
0
0
0
0
0
0
1 3253
0
0
0
0
0
0
0
0
0
0
0
0
0
0
1 6999
0
1 2874
1 5314
3 2335 4887 5711
0
5 1101 2252 4139 4821 5425
0
0
0
0
0
0
0
0
0
0
0
0
0
0
0
0
0
0
0
0
0
0
1 6605
0
0
1 2353
0
0
1 2463
1 3779
0
0
0
2 1576 5464
0
0
0
0
1 3729
0
0
0
4 302 503 613 4500
1 5300
0
0
2 6069 7268
0
0
0
0
0
0
0
0
0
1 3126
0
0
0
0
7 4914 5899 5908 6255 6997 7657 7905
0
0
0
0
0
0
0
0
1 1394
0
0
1 5767
1 2323
0
0
2 4960 5020
0
0
0
0
3 2383 2821 5150
4 24 3880 4191 7961
0
1 3227
0
0
0
0
0
0
0
0
0
0
0
0
0
0
0
0
0
1 6646
0
0
1 2978
0
0
10 138 472 1070 1741 1892 1951 4326 5005 6102 6642
0
0
2 414 2984
0
0
0
0
0
0
0
1 6577
0
2 2247 6885
0
0
2 6204 6794
1 4601
1 4660
0
0
1 6245
0
0
0
0
0
0
0
1 7174
0
1 4705
0
0
0
1 6515
0
0
0
0
0
0
0
0
0
0
1 5199
0
0
0
1 7390
0
0
0
0
0
0
0
0
0
0
0
0
0
0
0
0
0
0
0
0
0
0
0
0
0
0
0
0
0
1 3979
0
0
0
0
0
0
0
0
0
1 6183
0
0
1 7215
0
0
0
0
1 985
0
0
0
0
0
0
0
0
0
2 5128 5133
0
3 887 2751 4429
0
0
0
0
0
1 6976
0
0
1 4411
0
0
0
0
0
0
1 5572
0
0
1 6205
1 5210
1 6558
0
0
0
0
0
1 6060
0
0
0
0
0
0
1 5921
0
2 6834 7085
5 3226 3351 3494 4846 6778
2 4565 7362
0
2 1815 1861
0
0
0
0
0
0
0
3 606 957 1160
0
0
0
0
0
1 58
1 3563
3 2859 4406 5234
0
0
0
0
0
0
0
0
0
0
0
0
0
0
0
0
0
0
0
0
0
0
0
0
0
1 6065
0
0
0
0
0
0
0
0
2 4644 6698
1 1705
0
0
0
0
0
2 6613 6665
0
0
0
0
1 4708
0
0
1 6795
0
0
0
0
1 574
0
1 1083
0
0
0
0
0
0
0
0
0
1 1697
0
2 6091 7076
1 7373
0
0
0
0
1 7869
0
0
0
0
0
0
0
1 7024
0
0
1 6356
2 101 470
0
2 97 140
0
0
1 3689
0
0
0
2 1834 3221
0
0
0
0
0
0
0
0
0
0
0
0
0
0
0
3 6619 7344 7929
0
0
0
0
1 7528
0
0
0
0
0
1 6124
0
0
0
1 4376
1 7776
0
0
0
0
1 5373
0
0
1 6180
0
1 6076
0
0
0
0
0
0
2 1908 7063
0
0
0
0
0
0
0
0
0
1 5161
2 1475 2840
0
2 3403 6544
0
0
1 3901
0
1 6223
0
0
0
0
0
0
0
0
0
0
0
1 5188
0
1 1231
0
0
0
0
0
1 3934
1 7087
0
0
0
0
0
0
1 1521
0
0
1 6956
0
1 6021
0
0
0
0
0
0
0
1 3759
1 7522
0
0
0
0
0
0
1 1121
2 5327 6785
0
1 5656
0
0
1 601
4 3239 3505 3675 4394
0
0
1 4184
1 3575
0
0
0
0
0
0
1 4572
0
1 4206
2 4420 7291
0
0
1 4935
0
0
0
0
1 4969
0
0
11 291 297 548 977 1593 2388 2461 2595 2765 4547 7467
0
0
3 1414 1421 4599
0
0
1 3003
0
1 4682
2 3495 6231
1 682
0
1 4215
3 1993 3464 4070
0
1 6923
2 2329 4279
1 3572
0
0
0
1 5348
0
0
0
0
1 21
0
0
0
1 5194
1 6782
0
0
1 988
0
1 1332
1 5049
0
0
2 3641 6270
1 5344
1 2654
0
1 667
0
0
0
1 263
1 1572
0
0
0
0
0
0
0
0
0
2 1199 1298
0
0
2 2702 3840
0
0
4 1905 4314 6373 6890
0
0
1 2507
0
0
0
0
0
1 4830
0
1 6547
0
0
0
0
0
0
0
0
0
0
1 4448
0
0
0
1 4820
0
0
2 7151 7696
0
1 7436
0
0
2 3940 4149
0
0
0
2 216 5309
0
0
0
2 5915 6505
0
0
1 6179
1 1081
0
0
2 7189 7552
0
0
0
0
0
0
0
0
0
0
0
0
1 7813
2 3570 5802
0
0
0
0
0
2 3174 4125
2 5159 6527
0
0
0
0
1 4769
1 7031
0
1 7414
1 1189
1 4356
0
0
0
0
3 749 6013 6955
0
0
0
0
0
1 7258
0
0
0
0
1 6727
1 4092
0
0
0
1 5294
0
0
0
0
4 3434 4617 4896 7389
0
0
0
0
2 4668 5275
0
0
0
0
0
3 619 3973 5193
0
0
2 2546 4564
0
0
1 6557
0
0
0
0
1 6511
0
0
1 6692
0
0
0
0
0
0
0
0
0
1 160
0
0
0
1 4174
1 3131
2 3165 5117
1 4840
0
1 3406
0
16 10 15 41 65 148 155 253 277 381 488 1346 1736 1811 1858 2027 2703
0
2 262 1255
0
1 4424
0
0
0
2 420 979
0
2 4827 5872
0
0
0
0
0
0
0
1 2801
0
0
0
0
7 493 715 1544 1874 1886 2715 2957
2 1250 4709
0
0
0
0
0
0
0
2 447 558
1 5893
0
0
0
0
0
0
4 3199 4382 5654 7430
0
0
0
0
1 6263
1 6941
0
0
0
0
0
0
0
0
1 5836
0
14 79 126 128 135 152 173 281 354 608 657 690 711 818 827
3 6552 6836 7462
1 2174
1 1188
0
0
0
1 46
0
1 1724
0
4 168 273 378 1459
0
0
0
0
0
0
0
1 7402
0
0
0
0
1 6221
1 7393
0
0
0
0
0
0
0
0
0
0
0
0
0
3 5712 6337 7783
0
0
1 2581
0
0
0
0
0
0
0
0
0
0
1 7653
0
0
0
0
0
0
0
0
0
0
1 1678
0
1 2616
0
0
0
0
0
1 6487
0
2 1342 7128
0
0
1 6253
0
0
2 3193 3610
0
0
0
0
0
1 6857
3 3462 7007 7328
0
2 5203 6018
0
1 3943
0
0
0
0
1 4563
0
0
0
0
0
0
0
0
0
0
0
1 3734
1 6109
0
0
1 6713
1 4035
0
0
2 4437 5479
0
0
2 3141 5505
1 1155
0
0
0
1 7540
0
1 5845
0
0
1 1140
1 640
0
1 4041
2 2499 6165
0
0
0
1 4423
6 511 1217 4855 5123 5380 5599
0
3 1020 1490 6413
0
0
0
0
0
2 1451 1915
0
0
3 1301 1388 7590
0
0
0
1 4703
0
0
0
0
0
3 3971 4250 7256
0
1 7511
0
0
0
0
0
0
0
0
0
0
0
1 1891
4 638 1267 2285 3951
0
1 2114
0
0
1 5346
0
0
1 3606
0
0
0
0
2 3220 3228
0
0
0
0
0
0
0
0
0
0
0
0
0
0
0
0
0
0
1 3540
0
0
1 3700
0
0
0
0
0
0
0
1 883
0
0
0
0
0
2 6783 7028
0
0
0
0
0
0
1 7317
0
0
0
0
0
2 2014 5280
0
0
0
0
0
0
0
0
0
0
0
0
0
0
1 2360
0
0
1 6038
2 6777 7405
0
0
0
0
0
1 7637
0
0
0
1 6178
0
0
0
0
0
0
1 2250
0
3 2212 5097 6630
3 3658 5132 5995
0
0
0
0
0
0
1 7946
1 6410
0
1 3626
0
0
0
0
1 6404
0
0
1 7731
1 3428
0
1 7289
0
1 4687
0
0
0
1 6173
0
0
0
3 3063 4963 5272
0
0
0
0
0
0
0
0
0
0
0
0
0
1 677
0
1 5721
2 3127 7767
0
0
1 929
0
1 5110
0
0
0
0
0
0
3 2645 3447 7133
0
0
0
0
1 2397
0
0
0
0
0
0
0
3 2226 3717 7283
0
0
0
0
0
0
1 5187
0
0
1 7755
1 7654
1 758
0
0
1 2814
1 6094
0
0
0
0
0
0
0
0
0
0
3 4241 6068 6789
0
0
0
0
0
0
2 6430 6958
0
0
1 5511
0
0
1 763
0
0
0
0
0
0
0
0
2 587 4447
2 3466 3635
0
0
0
0
0
0
0
0
0
0
0
0
0
0
1 7252
0
0
0
0
2 113 6649
0
0
0
2 4493 6799
0
0
0
0
0
0
0
0
0
0
1 6514
0
1 7815
0
0
0
0
0
0
0
0
0
0
0
0
0
1 6932
0
0
0
0
0
0
0
0
0
1 6202
0
0
0
0
0
0
0
1 5381
0
0
0
0
1 7233
0
0
0
0
0
0
0
0
1 6627
0
2 717 5843
0
2 6075 6323
0
5 1636 2142 2597 6490 6761
0
0
0
0
2 3578 5796
0
1 2883
0
0
0
0
0
0
0
0
0
0
0
0
1 6066
0
0
0
1 2420
0
0
0
0
0
2 5911 6067
0
0
0
0
0
0
0
0
1 6905
0
0
0
0
0
0
0
0
1 3461
0
0
2 6385 6629
1 6016
0
0
0
0
0
0
0
0
0
1 4355
0
0
0
0
0
1 2240
0
2 4399 4711
0
0
0
1 7099
1 3432
0
0
0
14 1925 2030 2115 2325 2486 2498 2589 2707 2785 3705 4114 4312 4530 6579
0
0
1 4005
0
0
10 370 544 724 1644 1751 1764 2137 2239 4227 5788
0
0
1 5507
1 7860
0
0
0
0
0
0
0
1 6700
1 4323
1 1953
0
0
0
0
2 4473 4882
1 5611
0
0
4 1317 1871 2326 4593
0
2 2949 7745
1 29
0
0
0
0
2 1361 1601
0
0
1 4229
0
1 5830
0
0
0
2 2237 2863
1 4735
0
0
0
9 1771 2008 3067 3142 4934 5164 6171 6773 7013
1 2680
1 5642
0
0
0
0
0
0
0
0
0
0
0
1 897
0
1 2508
0
0
0
0
0
0
0
1 6226
2 3488 6808
0
0
0
1 6148
0
0
0
1 7205
0
0
0
0
0
4 4409 5261 5308 6807
0
1 6609
1 6296
0
0
0
1 7185
0
0
0
0
0
0
1 3427
1 7564
1 5104
1 5626
2 1909 2336
0
0
0
0
0
1 2830
0
0
1 5632
0
0
0
0
0
0
0
1 394
0
0
0
0
1 1404
0
1 6402
2 5936 7572
0
1 1077
0
0
0
0
0
0
1 4344
1 7225
1 190
2 2390 3414
0
0
1 1252
3 1396 3836 4594
25 99 158 526 1078 1224 1227 1276 1381 1520 1639 1872 1982 2816 3051 3080 3286 3539 3798 5135 5869 6151 6203 6743 7247 7481
1 3267
0
2 4457 5175
0
0
0
0
1 3030
0
0
1 6029
0
3 2511 3440 4190
0
0
1 7609
0
0
0
0
6 408 583 685 2165 3082 4610
0
0
0
0
0
0
1 3284
0
0
0
2 4387 4453
0
0
0
0
3 1552 4813 6473
1 6318
1 7491
0
0
0
0
1 2947
0
1 6036
0
0
0
1 4946
0
0
0
0
0
0
0
0
0
1 7880
0
0
0
0
0
0
0
0
0
0
1 2289
1 6716
0
0
0
1 7831
0
0
0
0
1 2578
0
0
3 1069 1254 1432
1 1277
0
1 5581
1 7846
2 4636 4779
0
2 6776 7638
0
0
0
0
0
0
1 7078
0
0
1 3362
1 5639
1 4741
1 4861
0
2 3985 7713
2 4445 7236
0
0
0
1 3681
1 5903
0
1 6030
0
0
0
0
0
0
0
0
0
0
0
1 2600
0
1 745
0
0
0
0
6 39 625 1232 1722 2670 4626
0
0
0
0
0
0
0
0
1 2802
0
0
0
1 982
0
0
1 3800
3 16 62 181
0
2 3966 4308
0
0
1 0
0
0
0
0
0
0
0
0
0
0
1 5825
0
0
0
0
0
0
0
0
0
0
0
0
1 5258
1 7764
4 2351 2380 2598 5930
0
0
0
0
0
0
0
0
0
0
0
0
0
1 70
0
0
0
1 4412
2 5722 7608
0
1 2277
0
0
0
6 2224 2298 2422 2757 2789 3014
0
0
1 4569
0
0
0
0
4 282 776 2758 2822
0
0
1 1523
0
0
0
0
0
0
1 5563
0
0
0
0
3 1956 3499 4401
0
0
0
0
0
0
0
0
0
0
0
0
0
0
1 1779
0
0
1 5111
0
0
0
0
1 2279
2 4097 4890
0
0
1 7973
0
0
0
1 5703
0
1 2257
0
0
0
0
0
3 5282 7307 7384
0
1 5062
0
1 2966
4 330 1818 2359 4600
0
0
0
0
0
1 7111
0
0
0
0
0
2 1313 3521
0
0
1 6441
0
0
0
0
1 6308
1 1161
0
0
0
0
0
0
0
0
0
0
0
1 3413
0
0
0
0
0
1 5942
1 7579
0
1 1814
0
0
0
3 4597 4598 4620
0
0
1 3421
0
0
0
0
0
0
2 5298 7408
1 4337
0
0
0
0
0
0
0
0
0
0
0
1 1899
0
0
0
0
1 2483
3 1940 3246 3387
0
0
0
0
1 5127
0
0
0
0
0
0
0
0
0
0
0
0
0
0
2 5241 5753
1 2572
0
0
0
1 4616
0
2 2411 2455
0
1 6742
0
0
0
0
0
0
0
0
0
0
0
0
2 3097 6554
0
0
0
0
0
0
1 5177
0
1 5071
0
0
0
0
0
0
0
0
1 1087
0
0
0
0
1 821
0
0
0
0
1 6286
0
0
0
0
0
0
0
0
0
1 5197
0
0
0
0
0
0
0
0
1 3384
0
2 5883 7374
0
0
0
0
0
2 3509 4483
1 6712
2 5072 5390
0
0
0
1 2700
0
0
0
0
0
0
0
0
0
1 1825
2 22 2951
0
2 4748 5334
0
1 6683
0
0
0
3 2459 5422 6636
0
1 4841
0
0
1 5341
0
1 2472
0
9 56 102 327 343 372 375 441 769 947
0
0
0
0
0
0
0
0
0
0
1 7704
1 6225
4 308 1117 4068 5432
1 2590
5 2879 4993 5431 7082 7201
1 3561
1 4146
0
0
0
1 2265
0
0
0
0
0
0
0
0
1 2454
0
0
0
1 4919
0
1 6566
1 6168
1 6130
3 4499 7096 7489
0
1 5496
0
0
0
0
1 5206
0
0
0
1 3073
0
1 7643
0
0
1 4823
0
0
0
0
0
14 938 1507 1545 1700 1785 1875 2569 3090 4181 4425 4545 4994 5319 7062
0
0
0
0
0
0
0
0
1 3244
1 7671
0
0
0
0
0
0
0
0
2 1809 2642
0
0
0
5 2281 2342 5931 6020 7409
0
1 2091
1 4100
0
0
0
0
0
0
0
0
0
0
2 2015 3161
0
0
2 4051 4078
0
0
0
0
0
0
0
0
0
0
0
1 4497
0
2 2559 6616
0
0
0
0
1 1784
0
0
3 4470 4556 5192
0
0
0
0
0
2 5220 7586
0
0
0
0
0
0
0
0
0
0
0
0
0
0
1 2307
0
0
0
0
0
0
1 6947
1 7180
1 4904
0
0
0
1 6310
0
0
0
0
0
0
0
0
0
1 4691
0
2 1489 1789
1 7969
1 5362
0
0
0
0
0
0
0
0
1 5303
0
0
0
0
0
0
1 7772
0
0
0
2 5831 6034
0
6 422 770 1647 2269 6193 7632
0
0
0
0
0
0
0
0
1 124
0
0
0
0
1 5914
0
0
0
0
0
0
3 3609 5682 7649
0
2 6635 7738
0
0
0
0
0
1 6528
0
0
0
0
0
1 3791
0
3 1362 2855 6506
0
0
0
1 7009
0
0
1 5112
0
1 7224
0
0
1 6895
0
0
1 7346
0
0
0
0
0
0
0
1 5454
0
0
1 5944
0
0
0
0
1 1753
0
0
2 499 5393
0
0
1 6340
2 4751 5898
0
0
0
0
0
0
2 2626 4509
0
0
0
0
0
1 446
0
0
0
0
0
0
1 5880
0
0
1 3292
0
0
0
1 5870
0
0
0
0
0
0
0
1 971
0
0
0
0
0
0
1 1359
0
1 5847
0
0
1 7932
0
0
0
0
0
0
1 6335
0
0
2 1040 1966
1 849
3 523 621 910
0
5 44 781 1181 6214 7516
1 7672
0
0
0
1 6488
3 4831 6328 6781
0
0
0
1 7064
0
0
0
1 6453
0
0
1 1364
0
0
0
0
0
0
0
0
0
0
0
0
1 4439
0
4 2558 2915 3343 5044
0
0
1 2953
1 6122
1 2555
0
0
0
0
0
0
1 7282
0
4 3543 3564 3950 4000
0
0
0
2 3828 6715
0
1 3283
1 3613
0
0
0
9 990 1549 1620 1658 1850 1873 2839 2990 4038
0
1 5251
1 5514
0
0
1 2274
4 18 567 3695 5010
1 5364
1 7046
0
0
0
0
0
0
0
0
0
0
1 7167
0
1 5490
0
0
0
0
0
0
1 1528
0
2 3192 6423
1 5228
1 7050
0
0
1 6421
0
0
0
4 3035 3054 3058 3113
0
0
1 5897
0
0
0
0
1 6472
0
0
0
0
0
0
0
0
2 3534 7453
1 7953
0
0
2 525 7254
0
0
0
0
0
0
2 3112 4677
0
0
0
0
0
9 1096 1893 1960 2400 5701 5867 5990 7931 7933
0
0
0
0
0
0
0
0
0
1 5080
1 7937
1 6835
1 898
0
0
0
0
2 5269 7106
0
0
0
0
0
0
0
1 7896
0
0
3 292 650 1937
0
0
0
0
0
0
0
0
0
0
0
0
0
0
1 3230
1 6729
0
0
1 2691
0
0
0
1 3755
0
0
1 7685
0
0
0
0
0
1 6507
0
0
0
1 7555
0
0
0
0
1 1219
0
0
0
1 3665
0
1 3407
0
1 4451
0
0
0
0
2 3974 4156
1 6679
0
1 6517
0
8 227 787 967 1134 1212 1221 2500 3733
0
0
0
0
0
0
1 5592
0
0
0
0
0
1 4755
4 1672 2599 6166 7702
0
1 2901
0
0
0
2 3598 3837
0
1 6935
1 7442
1 2297
0
1 3691
0
1 4676
0
1 6260
0
0
0
0
0
0
0
0
0
2 359 473
1 177
0
2 1864 7257
0
1 1182
0
0
0
1 4580
2 3336 4491
1 6924
0
0
0
0
1 6684
0
1 7022
0
2 5041 5594
4 1282 4613 4989 7824
1 1114
0
0
0
0
0
0
1 2290
0
2 1169 4034
0
0
0
0
0
0
0
0
0
0
0
0
0
0
0
1 1048
0
0
0
0
0
0
0
0
0
0
0
0
0
0
1 6654
0
0
0
0
0
0
0
0
0
0
0
0
0
1 2475
0
1 4690
0
0
0
0
0
1 6840
1 5288
0
1 602
0
0
0
0
0
0
0
0
1 1645
1 1628
4 315 410 1142 1391
1 2204
0
2 4625 4758
0
0
0
2 881 2713
0
0
2 1856 6140
0
1 5410
0
2 5409 7948
0
0
0
0
0
0
0
1 704
0
2 4143 4582
0
0
0
1 2111
1 7687
0
1 1559
0
0
1 874
0
1 7458
0
0
0
0
0
0
1 2914
0
3 4570 4757 6535
0
0
0
0
0
0
0
1 5726
0
0
0
0
0
0
0
0
0
3 222 257 3769
1 2127
0
4 1162 1550 1863 2373
1 5245
0
0
1 7211
0
0
0
0
0
0
0
1 4738
1 4794
0
0
0
0
0
0
0
0
0
0
0
0
0
1 5407
1 7313
0
0
0
0
1 3944
0
0
0
0
1 7962
0
0
1 4866
1 5244
0
0
0
0
1 2056
0
0
0
0
0
0
0
2 5939 6115
0
0
0
4 3298 3619 3716 6132
0
5 17 34 40 45 88
1 5218
0
0
0
0
1 7656
0
0
3 1529 2042 3558
0
0
2 2961 3278
0
0
0
0
0
0
0
0
1 5051
0
0
0
0
0
0
0
0
0
0
2 1358 3978
0
0
0
0
0
0
0
0
1 7474
0
10 23 86 333 406 1585 2295 2681 2969 4645 4782
0
0
2 4740 5977
0
0
0
0
0
0
0
0
0
3 1530 5328 5918
0
0
0
2 709 1594
2 362 3002
0
1 7359
0
0
0
0
0
0
0
0
0
1 3647
0
2 3939 3976
1 3624
0
0
0
0
0
0
1 3928
0
0
0
0
0
0
0
0
1 922
0
0
0
0
18 825 1119 1281 1291 1405 1436 1717 1727 1746 1976 2222 2516 2935 3072 3348 3829 6406 6663
0
0
0
0
0
0
0
0
2 2994 5633
0
1 4383
0
0
0
12 2054 2072 2098 2540 2688 3722 4921 6499 6532 6697 7562 7682
0
0
0
1 4987
0
0
0
0
0
0
0
0
0
0
2 1413 1417
0
0
0
5 183 337 741 2429 5088
4 1732 2442 3358 4187
1 2467
0
1 75
0
0
0
0
1 4924
2 5664 6674
0
0
1 374
0
1 6993
0
0
1 1841
0
1 2241
0
0
0
0
1 3972
0
5 67 1032 1253 2364 2732
1 833
0
1 2799
3 785 2755 5937
0
0
1 1042
0
1 4422
0
0
0
0
0
0
0
0
0
1 3847
0
0
0
7 713 932 1063 1816 1999 4891 5759
0
1 4321
0
0
0
1 6670
1 2067
1 4876
0
0
1 539
5 3467 3764 4186 6746 6775
0
0
3 1057 1330 6814
0
2 32 1900
0
0
0
0
3 94 433 6338
0
2 4161 6519
0
0
1 3822
3 9 1185 7918
0
1 436
0
2 578 6131
0
0
0
0
0
0
0
1 3001
0
5 2524 3241 4046 4225 5820
0
1 1389
0
0
0
1 7674
0
0
0
0
0
0
0
0
0
2 4487 6721
0
0
3 2019 2209 5262
0
0
0
1 339
0
0
1 6695
0
0
0
0
0
0
0
0
0
0
0
1 6934
0
0
0
0
1 7444
0
0
0
0
1 5289
0
0
0
0
0
0
0
1 5743
0
0
0
3 3604 6055 6601
3 5948 6972 7070
2 6409 7380
0
0
0
0
0
0
0
2 4236 5369
0
0
1 3536
2 3399 5781
1 4663
0
2 6317 7093
0
0
0
1 7067
0
0
0
1 1532
1 3891
2 3914 4219
0
0
0
0
0
0
0
0
0
0
1 6209
1 2674
0
1 4024
1 5092
2 1802 7721
0
0
0
0
0
0
0
0
0
0
0
0
1 5621
0
5 355 527 575 826 1597
1 5971
1 6243
0
0
0
0
0
0
0
0
0
0
0
0
0
0
0
0
0
0
0
0
0
0
0
0
0
1 4259
2 4237 4897
0
0
0
0
0
0
0
0
0
0
1 4066
0
0
1 2261
0
0
0
0
0
0
0
0
0
0
1 5748
0
0
0
0
1 6662
0
0
0
1 4222
1 6633
0
0
0
0
0
0
0
0
0
0
0
0
0
0
0
1 6612
0
0
0
0
0
0
0
0
0
0
0
0
0
1 5737
0
0
0
1 7839
0
0
0
5 26 31 96 236 254
0
1 3731
0
0
0
0
1 6771
0
0
0
0
0
0
3 55 320 455
0
0
0
0
1 2164
0
0
0
0
0
0
0
0
0
0
0
0
0
0
0
0
1 7090
1 3849
0
0
0
0
0
0
0
0
0
0
1 7867
1 3542
0
0
0
0
1 961
0
0
0
1 5777
0
1 1967
0
1 3611
2 2726 4845
0
0
0
0
0
1 3932
2 1467 1477
0
0
1 4118
1 2749
2 6312 7509
0
0
4 2419 3889 4551 6920
0
0
1 1262
0
0
0
0
0
0
1 2202
0
0
0
1 5844
1 3119
0
0
1 318
0
1 7842
1 4410
0
0
0
0
0
0
1 7890
0
0
0
0
0
0
0
0
0
6 2146 2264 3477 4726 5986 6597
0
0
1 6816
1 7620
0
0
0
0
2 3579 4320
0
0
0
0
0
0
0
0
1 5430
0
1 7595
0
0
0
1 509
0
1 3076
0
0
0
1 4983
1 2149
0
0
0
0
0
0
1 4018
0
0
0
0
0
0
0
1 6058
0
0
0
0
0
1 1822
0
0
1 5862
0
0
0
0
1 5038
0
0
0
0
0
0
0
0
0
5 960 1329 1348 5034 5114
0
0
1 1994
0
0
0
0
0
0
0
0
0
1 7940
0
0
0
1 2786
0
3 3008 4535 6392
0
0
1 7353
0
0
0
1 3573
1 5693
1 485
0
0
3 5533 6437 7733
0
2 4944 7097
0
0
0
0
0
0
0
0
0
5 1197 3442 5741 6556 7650
0
0
0
0
0
0
0
0
0
0
0
1 3386
0
0
3 4884 5707 6915
0
0
0
0
0
1 4131
1 5440
0
1 250
1 5760
0
1 7535
0
0
0
0
0
0
0
0
0
0
0
0
1 1325
0
1 6858
0
0
0
0
0
0
0
0
0
0
2 1866 2120
0
0
1 6353
0
1 7159
0
1 4790
0
0
0
0
5 835 930 2282 2824 7663
0
0
0
0
2 823 2465
0
1 6965
0
0
0
0
0
1 3009
1 7616
0
0
0
0
0
0
0
1 3525
0
0
0
0
1 5130
0
1 3345
0
0
0
0
0
0
1 5992
0
0
0
0
0
0
0
0
1 4772
0
16 81 448 586 734 1356 1817 3566 4173 4871 5001 5325 6815 7118 7135 7277 7358
0
0
0
3 1739 4296 7534
0
0
1 6875
0
2 4345 5146
0
0
0
9 1165 1423 1958 2160 2385 2392 2489 2925 5099
0
0
0
0
1 3144
0
0
0
0
0
0
0
3 3871 3922 4145
0
0
0
0
0
1 6380
0
0
0
0
0
1 6405
1 3369
0
0
0
0
1 7539
0
0
0
0
0
5 423 946 1624 3745 7455
0
0
0
1 777
0
0
0
0
1 4367
0
0
0
0
0
0
0
1 4117
0
0
0
0
0
0
0
0
0
0
1 5499
0
0
0
0
0
0
0
0
0
0
1 1702
0
0
0
0
1 7487
2 4559 5007
0
0
0
1 5714
0
1 5702
1 7109
0
0
0
0
0
0
0
0
1 2417
0
1 2021
12 14 100 103 120 131 283 311 328 358 3102 4325 6863
2 1066 5139
0
1 5586
1 2492
1 3213
0
3 2180 2948 7178
2 4322 5754
0
0
0
1 3900
0
0
0
0
0
1 6864
0
0
1 1448
0
1 3225
0
0
0
0
1 2871
0
1 5100
4 30 93 105 2386
2 147 2449
0
0
0
1 7926
0
0
0
0
0
0
0
0
0
0
0
0
0
0
0
1 5238
0
0
0
2 806 1660
0
1 172
0
0
0
2 3483 5744
0
0
0
0
0
0
0
0
1 5708
0
7 5059 5242 5637 6332 7033 7464 7964
0
1 4700
0
1 5434
0
0
0
1 3475
5 2369 3251 3352 4557 7142
0
0
0
0
0
0
0
0
0
0
0
2 1309 1957
0
0
1 5039
0
1 7768
0
0
0
3 167 4116 4343
0
0
0
1 4555
0
0
0
0
0
0
0
0
0
1 2727
2 2188 5058
0
0
0
0
0
1 7693
0
0
0
2 3260 4925
0
1 7897
0
1 7421
0
0
0
1 4800
0
0
0
0
0
0
2 2543 2875
0
0
0
0
0
1 3098
0
0
1 7533
0
0
1 7766
0
0
0
1 3741
0
3 2537 2798 5225
0
1 2744
0
0
0
0
1 1110
1 800
0
0
0
0
1 6598
0
0
1 7504
0
0
0
0
0
0
0
0
1 6765
1 6821
0
0
0
1 6160
0
0
0
0
0
0
0
0
0
0
0
0
0
0
0
0
0
0
1 5806
2 5620 6113
0
0
0
0
0
1 301
1 7281
0
0
0
0
0
0
2 2730 5004
0
0
0
0
3 395 908 1316
0
0
0
0
0
1 4113
0
0
3 1293 1371 6551
4 268 570 1230 2444
0
0
0
0
1 5677
0
0
0
0
1 1667
1 3994
1 7058
1 3431
0
0
0
0
0
0
0
0
0
2 2018 4134
1 338
0
0
0
0
0
0
0
1 5395
0
4 3121 3134 3152 3771
0
0
1 3995
0
0
0
2 1349 3339
0
0
0
0
0
1 670
0
0
0
0
0
0
0
0
0
1 6703
1 7550
0
0
1 2820
0
0
0
1 1090
0
0
0
0
0
0
0
0
0
0
0
0
0
0
0
0
0
0
2 2563 4505
0
0
0
0
0
0
2 365 765
1 5520
0
0
0
1 2198
1 6837
0
0
0
0
1 398
0
0
0
0
0
1 1539
0
0
0
2 424 563
1 2760
1 2568
0
0
0
0
0
0
2 4194 5158
0
0
0
0
0
0
0
0
1 1607
0
0
0
2 84 3441
0
0
0
0
0
0
1 6461
0
1 2039
0
0
1 6015
0
1 2059
1 4964
0
0
0
0
0
0
0
0
0
0
1 1125
0
0
0
0
1 7876
1 7752
1 5989
1 2717
2 2644 3736
0
0
0
0
0
0
0
0
0
0
0
0
0
2 1034 1109
0
3 3219 3831 5474
1 1917
0
0
1 2606
0
3 1168 3590 6056
0
0
0
0
0
1 614
0
0
0
5 3924 4403 4428 4777 5669
0
1 3459
0
11 2076 2464 2690 3048 5919 6381 6928 7069 7740 7892 7912
0
0
0
3 4514 4517 7071
1 6640
1 4902
1 252
0
0
0
0
0
0
0
0
0
0
3 4498 7630 7906
0
0
0
0
0
0
0
0
0
1 514
1 6819
0
0
0
1 5519
1 7137
0
0
0
1 5069
3 1257 1691 6216
0
0
0
3 3101 4721 4938
0
0
0
0
0
3 1611 5048 5766
0
1 636
0
1 3212
0
0
0
0
0
0
0
0
0
2 5768 7642
0
0
0
0
0
0
0
0
0
0
0
1 2396
0
0
0
0
9 111 267 324 346 425 532 566 604 718
0
0
0
0
0
0
0
0
0
0
0
1 2242
0
0
0
1 5552
0
0
0
0
0
0
0
0
0
2 5179 6733
1 7325
0
0
0
9 454 1144 1560 2682 2719 3042 3096 5797 5873
0
1 5791
0
1 1024
0
0
0
0
0
0
0
0
0
0
0
0
1 5169
0
0
0
0
0
0
0
0
1 581
0
0
0
0
0
0
0
1 5057
0
0
0
0
0
0
0
0
0
0
1 1449
0
0
1 2069
0
0
0
1 5465
1 3118
1 4243
0
0
0
1 3490
0
0
0
1 1092
0
1 7329
0
0
0
0
1 4348
0
0
0
0
1 4518
7 3019 3103 4278 4430 5952 6228 7507
0
1 1292
0
1 3965
0
0
0
0
0
0
0
0
0
6 4263 5145 6726 6877 7124 7427
1 2782
0
0
0
0
0
1 7868
0
1 7251
0
1 2136
0
0
0
0
0
1 6005
1 6658
0
0
1 2857
0
0
0
0
0
0
0
0
0
0
1 2952
0
0
1 1305
0
0
0
0
0
0
0
0
1 5817
4 495 541 1139 2649
0
0
0
0
0
2 789 875
1 7629
0
0
0
2 3479 4405
0
0
0
0
0
0
0
0
0
0
1 2890
0
0
0
2 2666 3010
0
0
0
0
0
0
2 3294 3816
2 4232 5388
0
1 7913
0
0
0
1 4792
0
1 5165
1 6966
2 2950 4699
2 756 5033
0
2 1120 1557
0
0
0
0
0
0
0
1 5043
1 7591
0
1 7634
0
0
0
0
0
1 5326
0
1 3450
1 6210
1 5747
0
0
1 4067
0
0
0
0
0
1 7762
0
0
0
0
1 4909
0
0
0
0
0
0
2 3095 3713
0
0
0
0
0
1 1480
0
0
0
5 1906 2974 4019 4084 6987
0
0
0
1 4494
0
0
0
0
1 905
0
0
0
0
1 2916
0
0
0
0
0
2 3327 3333
0
0
0
0
0
0
0
4 695 1043 2898 5483
1 974
0
0
0
1 7145
0
0
0
1 7020
0
0
1 6011
0
0
0
1 5317
0
1 7701
0
0
0
0
0
0
0
0
1 2495
0
0
0
1 4164
0
0
0
0
0
0
0
0
2 2110 5230
0
0
0
1 4775
2 6774 7639
0
0
0
0
0
0
1 3524
0
0
0
0
0
1 1266
0
1 6747
0
0
0
1 3556
2 6631 7301
0
0
0
0
0
0
0
1 6914
0
0
2 2494 5998
1 2910
0
0
0
0
0
0
0
0
0
2 89 629
0
0
0
0
0
1 429
1 7237
0
1 379
0
1 7253
0
0
0
0
0
0
0
0
0
0
0
2 4372 4443
0
3 1179 1651 2085
0
0
0
1 7195
1 5783
1 5017
0
0
2 7350 7699
0
0
0
1 6672
1 4106
0
0
0
2 3453 7457
0
0
0
0
8 4638 4658 4659 4696 4793 4863 5040 5692
0
1 5704
1 2155
0
0
0
1 5598
1 6549
0
1 6000
0
0
0
1 5685
0
0
1 3548
0
0
1 37
1 4231
0
0
0
1 5202
0
0
0
0
0
0
0
0
0
1 3065
0
2 654 2919
0
1 7186
0
4 7235 7485 7794 7954
0
0
0
6 2677 3711 4836 5144 5336 6474
0
1 7812
0
0
0
0
0
0
0
0
0
0
0
0
0
0
0
2 603 727
0
0
0
1 5
0
1 3293
0
1 2574
0
3 3754 3882 5742
0
0
0
2 4541 5095
0
0
0
0
0
0
0
0
0
0
1 7737
1 1286
0
0
1 1865
0
0
0
0
0
0
0
0
0
0
1 1497
0
0
0
0
0
0
1 5056
1 1735
0
0
0
0
0
0
0
0
1 6444
2 3620 3699
0
0
0
0
0
0
0
0
0
0
2 1310 2526
0
0
0
1 6305
0
0
0
0
0
0
0
0
0
2 1377 1403
0
1 7244
1 7770
0
0
0
0
0
0
0
0
0
0
0
1 19
0
0
0
0
0
1 5209
0
1 2779
1 2625
0
1 5399
0
5 904 1609 2522 4098 6475
0
0
0
1 453
2 2873 5085
1 3970
0
0
0
0
2 7418 7798
0
1 2534
0
1 6938
0
1 4611
0
0
0
0
0
0
0
0
0
0
0
0
2 1245 4990
0
0
0
0
0
0
0
1 3005
0
0
0
1 626
1 6969
0
0
0
0
0
0
0
0
0
0
0
0
5 342 644 2858 4162 4275
0
0
1 4077
0
0
0
0
0
0
0
0
1 2108
0
0
0
0
0
1 1581
0
0
0
0
17 696 783 911 924 992 1132 1207 1580 1829 2041 2066 2193 2436 2967 2981 5024 6121
0
0
0
0
0
0
0
0
0
0
0
0
0
0
0
0
9 728 843 865 889 1466 1595 1617 1895 1972
0
0
11 1152 1504 1750 1973 2413 3767 4330 4665 5066 5450 7922
0
0
1 189
3 4427 5255 5439
0
3 3380 4922 6452
0
0
2 852 3235
3 4059 4280 5976
0
1 6615
0
0
0
0
1 3996
0
2 5993 6812
0
2 3696 6478
1 5019
0
0
0
0
0
0
0
2 6311 7273
0
0
0
1 6648
2 4588 5229
1 6285
0
1 411
0
0
0
1 5548
0
1 3899
0
0
0
1 6352
1 6614
0
0
0
0
0
0
0
0
0
0
0
1 7492
0
0
0
0
0
0
0
1 6279
0
0
0
2 5076 7631
0
1 1543
0
4 936 972 2278 4911
0
0
1 4844
2 238 1790
0
3 3597 7345 7943
0
0
1 1323
0
1 5243
0
1 90
0
7 2657 2662 3307 3469 3565 3649 5008
1 4961
0
1 3886
1 2818
0
0
0
3 4640 4674 4684
0
1 6542
0
0
0
0
1 652
0
0
1 3520
2 4745 6485
0
2 1941 5081
0
0
0
0
0
0
0
3 1723 1821 4426
0
1 7919
1 3991
0
0
0
0
0
0
0
0
0
0
1 4763
1 4478
0
0
0
0
0
0
1 2484
1 5003
0
0
0
0
0
0
0
0
0
1 6582
0
0
0
0
0
0
1 5237
0
0
0
2 2607 2745
0
0
0
0
1 7021
1 3862
0
0
0
1 5493
0
3 648 1050 7202
1 2737
0
0
0
0
0
0
0
0
0
0
0
0
2 2263 5691
0
0
0
0
0
0
0
1 4912
0
0
0
0
0
0
1 3783
0
0
0
0
0
1 5950
0
1 5352
0
0
1 366
1 5562
0
0
0
0
1 2754
0
1 7012
0
0
0
0
0
0
0
0
0
1 1487
0
0
2 2894 4295
0
0
1 5696
0
0
0
0
0
0
0
0
2 4852 5663
2 3941 7288
0
0
1 3093
0
1 4103
3 2330 3451 6971
0
0
0
0
1 1820
0
1 5101
0
0
0
0
1 2623
0
0
0
0
0
1 5756
2 7016 7115
0
0
1 6275
1 3936
2 7120 7592
0
1 6314
0
0
1 6351
0
3 809 5367 6996
0
0
0
1 3004
0
0
0
0
0
3 442 1028 3580
0
0
0
0
0
0
0
0
0
1 2945
0
1 5959
0
0
0
0
1 5392
1 6072
0
0
0
1 3156
0
0
1 6740
0
0
2 1102 1103
0
0
0
0
0
1 4791
0
1 4272
0
3 35 73 121
0
1 7411
0
0
0
1 1455
0
0
1 2096
0
0
0
0
0
2 2448 4810
0
0
0
0
0
0
0
0
0
1 139
0
0
0
1 4913
0
1 4328
0
0
0
0
1 3651
0
0
0
0
0
2 2615 2995
0
0
0
1 2328
0
0
1 4804
0
0
0
1 115
1 4007
0
3 811 1011 5174
0
0
0
0
0
0
1 20
0
0
1 2097
1 5377
0
0
0
0
0
0
0
0
1 633
0
1 7928
0
1 2519
1 5780
0
0
1 656
0
0
0
1 5678
0
2 6 664
0
0
0
1 6325
0
1 1094
0
1 6327
1 3025
0
0
0
2 761 6301
0
0
0
0
2 1195 6758
6 1058 1198 2557 2675 3608 7238
0
0
1 4835
0
0
0
0
0
0
0
0
0
0
0
0
0
1 6186
1 2860
0
0
1 1768
0
0
0
0
0
3 3344 5574 5643
0
0
0
0
0
0
0
1 2225
0
1 7075
0
0
0
0
0
0
1 1997
1 5912
0
1 5500
0
0
0
1 7114
0
0
0
0
2 4193 4197
0
1 7279
0
0
0
0
0
0
1 5765
0
0
1 6096
0
5 4347 4350 4380 4481 4576
1 7680
0
1 7030
0
0
0
0
0
1 4395
0
1 1352
0
0
1 476
0
3 3388 6383 7977
0
0
0
1 4749
0
0
0
0
1 1633
0
0
0
0
1 5276
0
3 1668 4889 6367
0
0
0
1 7496
1 653
0
0
0
0
0
0
0
1 4449
1 7628
0
0
4 4132 4154 4527 4589
0
0
0
1 469
0
0
3 53 1174 2647
1 7748
1 1851
0
0
0
0
0
0
0
0
0
0
1 7335
0
1 1907
3 483 2424 4133
0
0
0
0
0
1 7428
0
0
1 5644
0
0
0
0
0
0
1 4978
0
13 4575 4578 4606 4609 4612 4614 4619 4627 4654 4688 4716 4760 4868
1 6643
0
0
1 1919
0
0
0
0
0
0
0
0
0
0
0
0
0
1 6492
0
0
0
0
0
0
0
0
0
0
0
0
1 7066
0
1 2517
0
0
0
0
0
0
0
0
0
0
2 3988 5383
3 4561 5841 6059
0
2 2029 2053
0
0
0
1 2673
0
0
0
0
0
1 2663
0
0
0
3 344 460 6736
0
0
0
0
0
0
0
0
0
0
1 4
0
0
0
0
2 2178 4504
0
0
0
0
0
0
0
0
1 3574
0
0
0
0
0
0
0
1 5582
0
1 1402
1 6105
1 6929
0
0
0
1 7190
1 4283
0
0
1 7934
0
0
1 5762
2 4268 7166
2 2826 2923
0
0
0
0
0
3 2571 2791 4435
0
0
0
0
0
0
0
0
1 4196
0
0
0
0
1 2639
0
0
0
1 3639
1 3027
0
1 5970
0
0
3 2804 6449 6450
0
0
0
0
4 3861 3893 3908 3917
0
0
0
1 6344
2 1787 2759
0
0
0
0
0
0
0
3 816 899 1800
0
0
7 660 774 1643 2101 2939 6047 7557
1 4188
1 6959
0
1 4639
0
0
0
0
2 5113 5571
1 4812
0
0
0
0
0
1 6468
0
0
0
0
0
0
0
0
1 4819
0
0
3 1303 3854 7978
0
0
0
0
0
0
0
0
1 3785
1 4421
0
0
0
1 2299
0
0
0
0
1 7709
0
0
0
0
0
1 6604
0
0
0
0
0
1 1496
0
0
0
0
1 4358
0
0
0
1 1673
3 780 1599 2980
0
0
0
0
0
2 2363 2367
0
0
1 5710
0
0
0
0
0
0
0
0
0
0
0
2 3583 3795
0
0
0
0
0
0
1 1748
0
0
1 1716
0
0
0
1 4257
2 6139 7819
0
0
1 2764
0
1 4744
0
1 775
1 7173
0
1 7697
1 4076
0
0
0
2 7559 7914
5 3176 4586 5297 6104 6981
0
0
0
0
0
0
0
0
0
0
3 4664 6093 7515
0
0
1 6638
0
0
0
1 6902
1 1037
0
1 4903
0
0
0
0
1 6628
0
0
0
2 443 7193
0
1 3866
0
0
0
0
0
2 3419 6083
0
0
1 5745
0
1 6050
0
1 5647
0
1 5037
0
0
1 3465
0
0
1 1526
0
0
0
1 6400
0
0
0
0
0
1 7878
0
0
1 6970
3 221 226 2679
1 4182
1 6668
0
0
0
0
0
0
0
0
0
0
0
1 6098
6 87 714 767 1502 3909 5966
0
0
0
0
0
0
0
0
0
2 1928 6363
1 1256
0
1 95
0
2 3720 6267
0
0
0
0
3 872 1852 2545
1 3446
2 3115 3282
1 4398
0
0
0
0
5 1013 1400 1434 3223 3375
1 6241
1 3303
0
0
0
0
0
0
0
0
0
1 3410
0
0
0
0
0
0
0
0
0
1 3781
2 5801 6237
1 3280
0
0
0
1 5094
0
0
1 1163
1 2580
0
2 502 839
0
0
0
0
0
0
1 5205
0
0
1 2103
0
0
0
0
0
0
1 2064
0
0
0
0
0
0
0
1 4168
0
2 5036 7038
0
0
0
1 5732
1 7681
0
0
0
2 4959 5934
0
0
1 3668
1 1684
0
2 4854 5068
1 7287
0
0
0
0
0
0
0
0
1 4463
3 1473 5484 6846
2 1566 2731
0
0
0
0
0
1 6730
0
0
0
0
0
1 3070
3 36 109 1297
1 7216
0
0
0
0
1 5729
0
0
0
1 7381
1 7623
0
0
0
1 4803
0
0
0
0
0
1 4492
0
0
0
0
0
0
0
0
0
4 2213 4218 6513 6584
3 2439 4488 4894
0
5 2365 3036 3104 3873 6336
0
1 2100
0
0
0
0
0
0
1 4389
0
0
1 4689
0
0
0
0
2 6424 7010
4 2931 4549 5849 6739
0
0
1 7805
4 2650 4310 4333 7293
1 5147
0
0
0
0
0
0
1 6031
0
1 1804
0
1 2150
0
0
0
0
0
0
1 3323
0
0
0
0
0
0
0
0
1 3549
4 3120 3123 3153 4374
0
0
0
0
0
0
0
0
0
2 1112 7719
0
2 5997 6347
0
0
1 6891
0
0
1 7341
1 4214
0
2 934 7825
0
0
0
0
0
0
2 3060 4023
1 3133
1 7371
0
0
0
1 2648
0
0
2 2426 4915
0
0
2 3707 4618
0
1 7646
3 3295 5437 7212
1 7420
0
0
1 5956
0
0
0
0
1 6006
0
0
0
0
5 1285 2126 5266 6320 6439
1 6378
0
1 4061
0
0
1 7378
1 2214
0
0
1 7170
0
0
0
0
2 2284 5246
1 3811
1 600
0
0
0
0
1 7188
0
1 846
0
0
0
0
1 7957
0
0
0
1 793
0
0
0
0
0
0
0
3 1916 1944 2977
2 2892 4203
0
0
0
0
0
0
1 3832
2 4386 5268
0
0
1 5030
1 3562
0
0
1 5424
1 3761
0
0
0
0
0
0
0
1 2457
0
0
1 2203
0
0
0
0
0
0
0
0
2 6524 6850
0
0
0
0
0
1 1116
1 3364
0
0
0
0
0
0
0
0
8 4025 4031 4033 4039 4169 4171 4324 7017
0
0
2 261 478
0
0
0
0
1 7049
0
0
0
0
0
0
2 3672 7086
0
0
0
1 6590
1 5047
0
0
0
0
0
0
0
0
0
0
1 7199
0
0
0
0
0
0
0
0
0
0
2 5312 5895
0
0
0
0
0
0
1 3819
0
1 6985
2 2280 4284
0
0
0
0
0
0
0
0
1 7530
0
0
0
0
0
0
3 2959 4739 6655
2 6652 7227
0
0
0
0
0
0
0
1 3013
0
0
1 6541
1 7939
0
0
0
1 7588
2 3332 4985
0
1 2451
0
0
0
6 1558 3472 3852 5804 6364 7872
0
0
1 6762
0
1 7575
0
0
0
0
0
1 2621
0
0
0
0
0
0
0
0
0
0
0
1 6677
0
0
0
0
0
0
0
1 5292
0
1 2479
1 3350
0
0
1 5730
1 6653
0
0
1 764
0
0
1 5060
0
0
0
0
0
0
0
0
0
0
1 363
2 3129 3132
0
0
0
1 1567
0
0
1 7110
1 1989
0
0
0
0
0
0
0
0
1 518
1 2561
1 6497
0
0
0
1 486
0
2 1503 4936
1 1536
1 4151
2 987 2753
0
2 4080 7394
0
0
0
0
0
0
0
0
0
1 6181
0
0
0
0
0
0
0
0
0
3 1044 1936 5121
0
0
0
0
1 5273
0
0
0
0
0
0
0
0
0
0
1 5985
0
0
2 3872 3888
0
0
0
0
1 5541
0
2 4109 4842
0
0
0
0
0
0
0
0
0
0
0
0
1 4306
0
1 3599
0
0
0
2 1664 3335
1 6346
0
0
0
0
1 5793
0
0
0
0
0
0
0
0
0
1 3100
0
0
0
0
1 7577
0
0
0
0
1 2924
0
0
0
2 6563 7907
0
0
1 6691
0
0
0
3 1516 2012 3612
0
0
0
0
1 7432
0
0
0
0
0
0
1 716
1 6861
0
1 7434
0
1 1508
1 4444
0
1 6685
0
0
0
0
0
7 1060 1307 1747 2445 2453 2750 2927
0
0
0
0
1 4818
0
0
0
0
3 2207 2504 3942
0
3 1760 2684 6457
0
1 7477
0
0
1 7448
1 6868
0
0
0
0
0
0
0
3 762 980 2016
0
1 5578
0
0
0
0
0
0
0
1 6215
0
0
0
0
1 7715
8 1099 1995 2350 2379 2699 3669 4566 5408
0
1 6803
0
0
0
2 1479 2093
1 234
0
0
1 4631
1 6087
1 6482
1 3654
0
0
3 2090 2210 3750
1 7734
0
0
0
0
0
0
0
0
2 150 536
0
0
0
0
0
0
0
0
0
0
0
1 3747
0
0
0
0
0
0
0
0
2 2376 6845
0
0
0
1 6070
8 205 803 913 1131 1385 2612 3108 4392
0
0
0
0
0
0
0
0
0
0
1 6831
0
0
0
0
1 4230
1 5808
0
0
0
0
1 2244
0
0
3 3471 4346 5576
0
0
0
0
0
0
0
0
0
0
0
0
0
0
1 3636
0
0
11 210 348 554 1275 1392 2777 2869 3281 3684 3702 3935
0
0
0
0
1 1038
0
0
0
0
12 231 430 550 755 1141 1211 1312 1524 1641 3349 5091 5149
0
0
0
1 1534
0
0
0
0
0
2 1064 3206
0
0
1 6349
0
0
0
1 7873
1 3056
3 3148 3347 4036
0
1 4432
1 5926
0
0
0
0
0
0
0
0
0
0
1 2893
0
1 5652
1 3321
2 4615 7119
0
0
0
2 1573 1698
0
0
1 4273
0
0
0
0
0
0
3 3945 4727 4928
0
0
0
0
0
1 5142
0
0
0
0
0
0
0
0
0
0
0
0
0
0
1 4672
1 6126
0
0
0
0
0
0
0
0
0
0
0
0
0
1 1430
0
0
0
0
1 4930
0
0
0
0
0
1 6859
0
0
0
2 5982 5983
1 4995
0
0
0
1 1970
0
1 5382
0
1 5811
0
0
1 5799
1 5354
2 6862 7230
1 6004
0
0
0
0
1 5798
0
0
0
0
0
5 275 376 397 973 1288
0
0
0
0
0
3 1289 1374 1511
1 351
0
1 7761
1 5850
0
0
0
0
1 6003
2 1427 2175
0
0
0
0
0
1 7942
0
0
0
1 5550
1 4651
1 7334
3 1008 4037 6607
0
0
0
0
0
1 4360
1 6434
0
0
0
0
0
0
1 3022
0
0
3 4353 4371 6266
0
0
1 5456
0
0
4 445 632 1027 2143
3 307 1767 3485
4 4899 5143 6399 7930
2 5772 5846
1 3514
0
0
0
0
0
0
1 112
0
0
0
0
0
4 976 3808 5529 7607
0
2 3460 4991
0
0
1 7175
0
1 925
0
1 2556
3 3272 3881 5910
0
0
0
0
0
0
0
2 218 1980
0
2 2044 6207
0
0
2 5397 7570
0
0
0
1 7424
1 4635
0
0
0
1 4291
0
0
2 1659 5752
1 5510
1 170
2 795 1728
0
1 3522
2 1215 6587
0
0
0
1 5534
1 5923
1 1411
0
0
0
0
0
0
1 3273
1 7856
0
0
1 6107
0
0
1 6900
0
0
0
0
4 572 612 853 3652
0
1 1424
0
1 2378
0
0
0
0
1 5979
0
0
1 5705
1 7413
0
1 3920
0
0
0
1 6234
0
0
9 1047 1072 1073 1251 5185 5854 6420 6522 7604
0
0
0
0
0
1 7161
0
0
0
1 6118
0
0
0
0
0
0
0
0
0
0
0
1 6676
0
0
0
0
0
0
0
0
0
0
1 4107
1 5444
0
0
1 5106
0
0
0
0
1 5183
2 4245 4377
0
0
0
1 2533
0
0
1 7486
0
2 699 812
1 4071
3 4334 6196 6580
0
0
0
0
0
0
0
1 7554
0
0
0
0
0
4 1283 4742 5713 6284
0
2 2787 3023
0
0
1 6238
0
0
0
0
0
0
1 6042
0
3 6064 6164 6555
0
0
0
0
0
0
0
0
0
0
1 6162
0
0
0
2 6772 7231
0
0
0
0
1 4101
0
0
0
0
0
0
0
0
0
0
1 1363
1 3796
0
0
0
0
1 884
0
0
1 5961
0
0
0
0
0
0
0
0
0
0
0
1 3892
0
1 7116
0
0
0
0
1 5360
0
1 118
0
0
0
0
0
0
0
0
3 6998 7651 7882
0
1 3842
0
0
1 1671
0
0
0
0
0
0
0
0
4 287 1082 2235 6355
4 707 2721 3222 7332
1 2602
2 278 642
0
1 6350
0
5 676 1805 2541 6394 6750
0
0
0
0
0
2 1308 7920
0
0
0
0
0
0
0
2 1938 3856
0
0
0
0
0
0
0
4 214 779 796 7792
0
4 313 1426 1666 4754
0
1 873
0
2 6144 6711
0
0
1 3445
0
0
0
3 5935 6382 7472
0
0
1 1353
0
0
0
0
0
1 722
1 1510
0
0
1 3865
0
0
1 5508
0
0
1 3946
0
0
1 7171
0
0
1 7707
1 791
0
0
1 2381
0
0
0
1 6841
2 3723 7222
0
0
0
0
1 2243
1 3173
0
2 3194 3365
0
0
0
0
0
0
0
0
0
3 3637 3660 3730
0
1 4016
0
0
0
0
0
0
0
0
0
7 1890 3047 3437 4511 4734 6465 6591
0
0
1 5972
0
3 2586 3591 4417
0
0
1 1826
0
1 1506
0
0
0
2 2902 4553
0
0
0
0
0
0
0
0
0
0
1 7398
0
0
0
0
0
0
0
2 1302 3463
0
4 2704 3397 4798 6852
0
0
0
0
0
2 6459 7336
0
0
0
0
0
0
0
0
1 6952
1 7678
0
0
0
0
1 6319
0
0
0
0
0
0
1 7223
0
0
0
0
0
1 6062
0
0
0
0
0
0
0
1 6290
0
0
0
2 1661 5137
0
1 1147
0
0
0
1 4657
0
0
0
1 5098
0
16 13 141 233 1690 1715 2849 3191 3504 3860 5055 5667 6534 6797 7300 7326 7553
0
1 6820
0
0
1 7084
0
1 5689
0
0
1 3615
0
0
0
0
0
0
0
0
0
0
0
1 6873
1 4885
0
0
0
0
8 239 813 1720 1922 2834 3248 3486 4476
1 6086
0
0
0
1 7765
1 7369
0
0
0
0
2 1726 6686
0
0
0
0
0
0
0
0
0
0
1 7612
0
0
0
0
0
0
0
0
0
1 3526
0
0
0
0
0
0
0
0
0
0
0
0
0
0
0
0
1 6564
0
0
0
0
0
0
0
0
0
0
0
0
0
0
0
0
0
0
0
0
0
0
0
0
0
1 949
0
1 2832
0
2 5468 6751
0
0
0
1 2716
1 6502
0
0
0
0
0
0
0
0
0
0
7 3895 4440 4584 4807 5787 6136 7887
0
1 2530
1 1269
0
0
0
0
4 209 595 4289 4303
0
2 1135 7367
1 5517
3 76 159 1084
0
0
0
1 3515
0
0
0
0
0
0
1 175
2 63 2189
0
0
0
0
0
0
1 1247
0
0
0
2 2845 4649
0
0
0
0
0
2 4587 6770
0
0
0
0
0
1 5252
1 5486
0
1 4370
0
0
0
0
0
0
0
4 870 4028 5204 7103
0
2 3275 6708
0
0
0
5 426 559 2641 2847 6236
0
0
0
1 5470
0
0
0
0
0
1 4788
0
0
1 4130
0
1 2430
0
1 7845
1 2191
1 7002
0
1 6032
0
0
0
1 6494
0
0
1 4822
0
0
0
0
0
0
0
1 1687
0
0
2 7029 7054
0
0
1 1733
0
1 7771
2 2221 2382
1 5679
0
1 2740
0
2 1460 1965
0
0
0
0
1 6719
0
0
1 6945
0
0
3 3537 4178 6280
0
0
0
1 4869
0
0
0
0
1 6272
0
0
1 7294
0
0
1 3697
3 2343 2437 2609
0
2 4126 5569
0
0
0
0
0
1 7154
0
0
0
0
0
0
0
0
0
0
0
0
0
0
0
0
0
1 6701
0
1 2322
4 2643 3810 6368 6387
0
0
0
0
0
0
1 7667
0
0
0
0
0
0
1 1505
0
0
1 6157
0
1 5463
1 6878
0
0
0
0
0
0
0
0
1 2245
0
0
1 2460
1 7952
0
0
0
0
0
0
0
0
0
0
1 6208
0
0
0
0
0
0
0
0
0
0
0
0
0
0
0
0
1 3209
0
1 4170
0
0
0
0
0
0
0
0
0
3 3724 3827 4407
0
0
0
0
0
0
0
1 4464
1 6790
0
0
0
0
0
0
0
0
0
1 6760
1 4467
1 5428
1 5370
0
0
1 6357
0
2 2481 6843
1 3818
0
0
0
0
0
0
0
1 6390
1 7675
0
1 5558
1 4750
0
0
0
1 2167
0
0
0
1 553
0
0
0
0
0
0
2 1602 2312
0
0
0
0
0
0
0
1 4516
0
0
0
2 1570 3385
1 5725
1 2476
0
0
1 6622
0
0
0
1 201
4 4282 4414 4968 7532
0
2 7025 7888
0
0
0
3 4926 6309 6723
0
0
0
0
0
0
0
0
0
0
0
0
1 4179
0
1 335
3 3502 7635 7901
0
0
0
0
0
0
0
1 3918
0
0
0
0
0
0
1 3820
0
0
0
0
0
0
1 5372
0
1 6046
1 3372
1 1896
0
0
0
0
1 4391
0
0
0
0
0
0
0
0
0
1 3670
0
0
1 1159
0
1 6039
0
0
1 5217
0
0
1 5556
2 3325 3567
1 6801
0
0
0
0
0
0
0
0
0
0
1 1158
0
0
0
0
0
0
0
3 2872 2968 3630
0
2 2514 4895
0
0
0
1 6274
0
0
0
0
0
7 450 710 860 1193 1315 1483 3902
0
0
0
0
0
0
0
0
1 3269
1 6095
0
0
0
0
0
0
0
0
0
0
0
0
1 2956
0
0
0
0
1 3315
0
0
0
2 2339 7183
3 3289 3346 3497
0
0
0
1 7775
0
0
0
0
0
0
0
0
0
0
0
0
1 3423
2 1156 3844
2 2794 5792
5 6470 6673 7040 7510 7648
1 2147
0
2 347 5290
0
0
1 7708
0
0
0
0
0
0
3 6537 7625 7785
1 1517
0
1 1563
0
0
0
3 697 2010 5981
2 1979 4585
0
1 4209
0
0
1 5436
1 7140
0
1 6187
0
1 319
0
0
0
0
0
0
4 3229 3245 3607 4956
0
0
0
0
0
1 2960
0
0
0
0
0
0
0
1 2366
0
0
0
0
0
0
1 7644
0
0
0
0
1 5386
2 2403 2415
0
0
1 4892
0
0
0
0
1 6249
1 3322
1 5901
0
0
0
0
0
0
0
0
0
0
1 3487
0
0
1 4650
0
0
1 6759
0
0
0
1 7330
1 1204
0
0
0
0
0
0
0
0
1 768
0
0
1 3650
0
0
1 7497
1 7200
0
0
1 3159
0
0
0
2 2769 6543
0
1 471
0
0
0
0
0
0
1 1343
0
0
0
1 5538
1 1280
0
0
0
0
0
0
0
0
0
0
0
0
0
0
0
1 6933
0
0
0
0
0
0
7 1465 2384 3489 5315 6071 6954 7319
0
1 521
1 5131
0
1 4859
0
2 6012 6620
0
0
0
0
2 3232 3259
0
1 6979
0
0
0
0
1 5889
0
0
0
0
0
0
0
0
0
0
1 407
0
1 6596
0
1 4753
0
2 289 466
3 199 244 1300
0
6 3122 3154 3172 3180 5182 5189
0
2 7027 7422
0
3 4123 4707 6735
0
0
1 3690
0
1 7911
0
2 2077 5485
1 7777
0
0
0
1 5412
0
0
0
0
0
0
0
0
0
0
0
0
0
0
0
0
0
1 4864
0
0
1 2187
0
0
0
0
2 1742 1758
2 1100 1590
1 7426
3 3181 3207 3208
0
0
0
0
0
0
0
0
0
1 4201
0
1 5168
1 6828
0
0
0
1 5421
0
0
0
0
0
1 1781
0
0
1 7132
3 512 3277 5046
2 7521 7538
0
0
0
0
0
0
0
0
2 5608 6675
1 6706
0
2 7276 7691
0
2 1942 4736
0
0
0
0
0
0
8 463 1681 2170 2856 4537 4999 5477 5498
1 3302
0
0
0
0
1 7574
0
0
0
0
0
0
0
1 2743
0
0
0
1 5461
0
0
0
0
0
0
0
0
0
0
0
0
5 2631 4550 6242 6989 7138
0
0
0
0
0
0
0
0
0
0
0
0
0
0
1 3337
0
0
0
1 4675
0
0
0
0
1 6135
0
0
0
0
0
1 2813
0
1 2676
0
2 3845 4975
0
0
0
1 2032
0
0
0
0
0
0
0
0
0
1 5900
2 731 3341
0
0
0
0
0
0
0
0
0
0
0
0
0
2 5277 5311
1 5324
0
0
0
0
0
1 392
0
1 7784
0
0
1 3334
0
1 3493
1 3870
1 2619
0
0
0
0
0
5 663 2070 2817 3158 3587
0
0
0
0
0
2 4027 4874
0
0
0
0
2 396 5420
0
1 6508
0
0
1 7730
1 914
1 4710
0
0
1 4865
0
0
0
0
0
2 1677 2338
0
0
0
0
0
0
2 3963 4958
0
0
0
0
1 6294
0
0
0
0
1 6529
0
0
4 4030 4115 4158 4226
0
0
1 829
0
1 2133
2 4548 4574
0
0
0
0
0
1 4642
0
0
0
0
0
0
3 1961 2897 4802
0
3 1823 2017 6097
1 6366
0
0
0
0
0
0
0
1 5351
0
1 7005
0
0
0
0
1 933
0
0
0
1 5776
0
0
0
2 1665 3667
0
0
1 7323
0
2 6809 7372
0
0
0
1 3271
0
1 5063
1 5953
1 119
0
2 43 3416
0
0
0
0
1 7397
2 285 6019
0
0
0
0
0
1 1010
0
1 7080
0
1 5758
2 6037 7034
0
0
0
0
0
0
0
1 3799
0
0
0
0
0
0
1 4669
0
0
1 7502
0
0
0
0
3 926 1710 1797
0
0
0
3 5625 5855 5968
0
1 2063
1 7741
0
0
1 4906
0
0
2 2227 4262
1 7826
0
0
0
0
0
1 3389
1 7979
0
0
0
0
1 6516
0
1 6829
0
0
0
0
1 1883
2 2302 6538
0
0
2 2117 6467
0
1 5503
9 47 605 854 2169 2217 4458 5195 5875 6150
1 4577
0
0
0
0
0
0
3 3644 3645 4438
0
0
4 1763 3062 5427 7974
0
0
0
0
0
1 4495
0
1 5973
0
1 7299
0
0
0
1 3006
0
1 760
1 2321
0
2 331 2686
0
0
3 1143 1166 7052
0
1 2414
0
0
8 1565 1754 2080 2594 2604 2630 2806 3314
0
0
1 4759
0
0
0
1 7569
0
0
1 6389
0
0
2 6156 6854
12 742 958 1088 1089 1216 1287 1540 2588 3435 3897 4418 4941
0
0
0
0
1 1488
2 2551 6213
7 385 464 997 1001 1623 1749 6798
0
1 5267
0
0
0
0
0
1 4908
0
0
0
0
0
0
0
0
0
0
0
1 3682
0
0
0
0
0
0
0
1 7019
0
0
0
2 7207 7908
0
0
0
0
0
1 4706
0
0
1 5882
0
0
0
0
0
0
0
0
0
0
2 2747 4637
0
0
0
0
0
0
0
0
1 513
0
0
0
0
0
1 1223
0
1 6354
0
0
0
0
0
0
1 7285
0
0
0
0
0
1 7806
5 941 5016 5672 5673 5861
0
1 5256
1 814
0
0
0
0
0
0
0
0
0
0
1 4029
0
0
0
0
0
0
0
0
0
1 5355
0
0
0
1 4843
0
0
0
3 2665 4393 5994
0
0
0
0
2 4340 7468
1 7759
1 116
0
1 2028
0
0
1 1578
0
0
0
0
1 7864
1 2954
0
0
0
1 3725
1 2501
0
0
0
0
0
0
0
0
0
0
0
0
0
0
0
0
2 1796 6049
1 989
0
0
0
0
0
0
0
0
0
0
0
0
0
0
0
0
1 2401
0
0
0
1 3395
0
0
0
0
1 7051
5 3136 3266 4185 4986 7747
1 1220
1 4309
1 679
0
0
0
0
1 3482
0
0
0
0
0
0
0
0
0
0
1 1986
0
0
0
1 7469
0
0
0
0
3 6462 6498 7482
1 4623
0
0
1 832
0
1 3740
0
0
0
0
0
0
0
0
0
1 2582
0
1 3835
1 5469
1 7101
0
0
1 7621
0
0
0
0
0
0
1 4634
0
0
0
1 6678
1 4396
0
1 7240
4 3596 6755 7935 7949
0
0
0
1 6469
0
0
1 4971
1 3927
0
1 1693
0
0
1 6734
0
0
0
0
0
0
0
0
0
0
0
0
0
0
0
0
2 332 719
3 684 1206 1600
0
2 202 894
0
0
5 251 1234 2870 5065 5630
0
0
0
0
0
0
0
0
0
0
1 788
1 7098
1 5960
0
0
0
0
1 6710
1 2327
0
0
0
1 7891
0
0
2 2825 4962
1 3382
0
0
0
3 3758 6304 6967
0
0
3 129 882 893
0
0
1 7788
2 1464 6149
0
0
0
3 349 2720 4277
0
1 3361
0
2 555 921
0
1 6756
0
0
1 6501
0
1 1827
0
1 5013
0
0
0
0
0
0
2 3533 5987
0
0
3 3858 4189 5466
0
0
0
2 6026 6714
0
0
0
0
5 952 1469 2006 2346 4839
0
0
0
1 937
0
1 4692
0
0
0
0
1 4120
0
1 2409
0
0
0
0
0
1 7744
0
0
1 4850
0
0
1 3037
0
1 4898
0
0
1 3249
0
0
1 7197
1 6866
1 2082
2 1279 1294
1 1509
0
0
1 6602
0
0
2 1126 1270
0
0
0
0
0
0
0
1 7866
0
1 2742
0
0
0
0
1 7975
0
0
0
1 3746
0
0
0
2 2851 7298
1 1226
0
0
0
0
0
0
3 176 5579 5657
0
0
0
0
0
0
0
0
0
1 1844
0
0
0
0
2 193 322
0
5 1788 4450 5116 5542 5879
0
0
1 2722
0
2 3367 6259
0
0
0
0
2 2440 3732
0
0
3 2194 4761 7172
1 5212
1 6287
0
0
0
1 4977
0
0
1 7416
0
0
0
2 6561 7508
0
0
0
0
0
0
0
2 4265 4381
0
2 153 969
0
0
0
0
0
0
0
1 401
0
0
0
0
0
0
0
0
0
0
0
0
0
1 751
0
0
0
0
0
0
0
0
0
0
1 3809
0
1 5531
0
0
0
0
0
1 7527
0
3 2089 3931 7095
2 4942 5595
0
1 5378
0
0
0
0
0
0
0
1 3879
1 5357
0
0
2 1608 5141
0
1 5264
0
0
1 5374
0
1 2043
0
1 7310
0
0
0
0
2 3631 6896
0
1 3287
0
0
0
0
0
0
0
0
0
0
0
0
0
0
0
0
1 7959
0
0
0
0
0
0
0
5 1408 3015 3673 4091 4294
1 242
0
1 1867
0
2 7105 7209
9 1783 2171 2306 2438 2965 3751 4536 7320 7505
0
0
0
0
1 5963
0
0
0
0
0
0
0
0
1 3105
0
0
2 7165 7781
0
0
7 573 609 834 1238 1514 1835 7127
0
0
1 5871
0
0
0
0
0
1 7956
1 4829
0
2 3875 6321
1 5018
0
0
0
0
1 7556
0
0
0
0
0
0
1 4138
1 6650
0
0
0
1 6061
0
0
0
0
0
0
0
0
0
0
0
0
0
0
1 7023
0
0
0
0
0
2 1646 6025
0
1 5343
0
1 3038
0
0
0
0
0
0
0
0
0
0
0
0
0
0
0
0
0
0
1 7065
0
0
0
0
0
0
0
0
1 4413
1 314
0
0
0
1 5575
0
1 3812
0
0
0
0
0
0
0
0
2 3990 7177
1 3138
2 5157 7129
1 5681
0
1 7386
1 7121
0
0
0
1 3968
0
0
1 4521
0
0
0
0
0
0
0
0
1 7042
1 1879
1 6299
2 672 3846
0
1 1218
2 3948 6199
1 7821
0
0
0
0
0
0
0
0
0
0
0
0
0
0
0
4 3377 5239 6872 7342
0
1 543
0
1 5591
0
0
1 1351
0
0
0
0
0
0
0
0
0
0
0
1 6493
0
0
0
0
1 456
0
0
0
0
0
1 3784
0
2 995 4543
0
0
0
0
0
1 7001
1 1555
0
0
0
0
0
0
0
2 6456 7809
0
0
0
0
0
0
0
0
0
0
0
0
0
0
2 6460 7376
1 3170
1 7403
0
0
0
0
0
0
0
0
0
0
0
0
0
0
0
2 1318 6119
0
1 7941
2 1004 1963
0
0
0
1 3452
1 3933
0
1 6108
2 4286 4384
0
0
0
1 5173
0
1 1299
2 1930 3657
1 4351
1 2554
8 5279 5549 5920 6195 6463 6917 7309 7494
2 2829 3757
1 4503
0
0
1 4254
0
0
1 2587
0
0
0
0
0
0
0
2 5978 6273
0
0
1 2772
3 900 3964 4329
0
2 2216 7750
0
0
0
0
0
1 4972
0
0
1 3773
0
0
0
0
0
0
0
0
0
0
1 7083
1 7558
1 2876
0
2 4009 6693
0
1 2738
0
0
1 5675
0
0
0
0
1 4238
0
0
0
0
0
0
1 6886
1 2539
0
3 3331 5559 7875
1 7404
0
0
0
1 838
0
0
0
0
0
1 6345
0
0
3 3418 3807 4001
0
0
0
0
0
0
0
0
0
0
1 3553
0
0
0
0
1 892
0
1 7838
1 2881
1 4060
0
2 323 4652
0
0
0
0
0
0
0
2 6080 6343
0
1 6657
1 3830
0
0
0
0
0
0
1 5818
0
0
1 3379
2 5738 7146
0
0
0
0
0
0
0
0
0
1 6085
0
0
3 698 2525 6163
0
0
0
0
1 1719
0
1 2864
2 708 3843
0
1 5688
0
1 4608
0
0
1 5320
0
1 2333
0
2 5125 5254
0
0
0
0
0
1 4072
0
0
0
1 5449
0
0
0
0
1 5821
0
1 5946
0
0
0
0
0
0
0
0
0
0
0
0
0
0
0
0
0
0
2 1824 2661
0
0
0
1 5274
0
0
5 1888 3033 3089 3203 3603
0
0
0
0
3 4786 4797 4872
0
0
0
0
0
0
16 78 260 520 590 712 725 935 1067 1654 2566 3366 4063 5636 5851 6211 6521
0
0
0
0
0
0
0
0
1 7853
1 7117
0
0
0
0
0
0
1 1150
0
0
0
2 7272 7944
0
2 7470 7537
2 5345 7447
0
0
0
0
0
6 864 1263 1629 4879 6092 7008
0
0
1 1085
0
0
0
0
0
2 2573 5894
1 6407
0
2 4233 4235
0
0
0
1 3363
0
0
0
0
0
0
0
0
0
0
0
0
0
1 6300
0
2 4901 7179
0
0
0
0
1 2614
0
0
0
0
0
0
0
0
0
0
1 1006
0
0
0
1 7714
0
1 1731
1 2025
0
0
0
1 3360
0
1 4058
2 2888 6375
0
0
1 3923
0
0
1 7548
0
0
0
0
0
0
0
0
0
0
0
0
1 3903
0
0
1 5232
0
0
1 4207
0
1 1367
0
0
0
0
0
0
0
0
0
0
2 1955 5015
0
2 2272 2319
0
1 3166
0
0
0
0
4 620 2118 2162 4632
2 6647 7214
0
0
1 7894
2 2521 3438
0
0
0
1 7437
0
1 1622
0
1 2506
0
0
1 4544
2 5248 6594
0
0
2 637 1836
0
0
0
1 50
1 3139
2 1992 7303
0
0
0
0
1 1431
0
0
1 6403
0
3 2105 3703 7382
0
0
1 2119
0
0
0
0
0
0
0
0
0
0
0
0
0
5 4796 5429 5478 5631 7306
0
0
0
1 146
0
0
0
0
0
0
0
0
0
0
0
0
0
0
0
0
0
0
0
0
0
0
1 7383
0
0
0
0
1 6990
0
0
0
0
1 7602
0
0
2 5061 6017
0
0
0
0
0
0
0
0
0
0
1 4722
0
2 582 3168
0
1 4647
0
0
0
2 4776 5833
0
0
0
0
0
1 4592
0
0
0
0
0
1 235
0
0
0
1 6667
0
1 4021
0
1 7355
1 3290
0
0
0
0
0
0
0
0
0
0
0
0
0
1 7292
2 2678 5075
0
1 3016
2 5054 5603
0
0
0
0
0
0
0
0
2 1259 2185
0
0
1 6134
0
0
0
0
5 1046 1631 1713 3959 4043
0
1 2955
0
0
0
1 3925
1 5323
0
0
0
0
0
0
1 3285
0
1 7356
0
0
0
0
0
0
0
0
0
0
5 1086 1655 3018 4484 6277
0
0
0
1 5604
1 6370
0
0
0
0
1 4725
2 3671 4817
1 2853
0
0
0
1 7139
0
0
0
0
0
0
0
0
1 1911
3 4434 6415 6921
0
0
1 7203
0
0
0
0
0
0
4 888 2184 4446 5727
0
0
0
0
1 7490
1 4013
0
1 4929
0
3 2527 4973 5969
0
1 5271
0
1 2135
0
0
0
0
1 4967
0
0
0
0
0
5 428 666 2349 4832 7512
0
1 515
1 6481
1 2689
3 2520 6881 7068
0
0
0
0
1 5458
1 2601
0
0
1 7423
2 1029 7596
0
1 7315
0
0
0
3 2593 2767 5154
0
1 6127
1 2815
0
0
2 2490 3160
1 6581
1 5779
0
0
0
0
1 6869
0
0
0
0
0
0
0
0
0
0
1 7163
0
1 6379
0
0
0
0
0
0
0
0
0
0
1 4666
0
1 6983
0
1 5842
0
1 1429
0
3 693 1173 3262
2 7036 7352
2 4825 7627
0
0
1 1918
0
0
0
0
0
0
0
0
1 6599
0
0
0
0
0
1 4177
0
2 5481 5602
0
0
0
0
4 361 771 797 836
1 3676
0
0
1 3551
1 7354
0
1 3884
35 82 108 185 195 243 299 508 737 1261 1290 1357 1452 1699 1885 1904 2004 2079 2084 2107 2450 2570 2583 2729 2833 2940 3184 3383 3425 3680 4404 4468 5129 5530 5641 6177
0
0
0
0
0
0
0
0
1 4260
13 66 125 144 149 383 413 452 531 1428 1582 1584 1616 1762
6 33 164 237 368 462 2062
0
0
0
0
1 2761
1 3355
0
0
0
0
1 3878
0
0
0
0
0
0
0
0
0
0
0
0
0
0
0
0
1 5295
0
1 7100
0
0
0
0
1 5885
0
0
0
0
0
0
0
0
0
0
0
2 5278 5955
0
0
0
1 7836
0
2 274 434
2 2040 2640
0
1 2502
0
1 6008
2 1642 2841
0
1 4590
0
0
0
1 1450
0
0
5 669 790 906 1136 1203
1 5789
0
1 194
0
0
1 6576
0
0
0
0
0
0
0
3 151 1344 2933
2 1272 5628
0
0
0
1 5782
0
0
0
0
1 7711
0
0
0
0
0
0
0
0
0
0
0
0
0
0
1 1196
0
0
0
0
0
1 2909
0
0
0
0
1 723
0
2 7164 7843
2 5566 5778
0
0
0
1 7264
1 2899
0
1 6271
1 2478
0
0
1 3770
0
0
0
0
0
2 7157 7879
1 7104
1 5353
0
0
0
0
0
0
0
0
0
4 1838 1839 2773 3299
0
0
1 3814
0
1 3648
0
0
1 3726
0
0
0
0
2 801 1663
0
0
0
0
1 6926
0
2 293 599
0
0
0
0
0
0
0
1 5709
0
0
0
0
0
1 475
2 3026 6897
0
0
2 123 5590
1 1605
0
0
0
0
1 7262
0
1 2835
1 5502
1 7827
0
0
1 3313
0
0
0
0
0
0
0
2 7810 7817
0
0
0
0
0
0
1 6575
0
0
0
0
1 6573
0
1 7749
0
1 4515
0
0
0
1 5109
0
0
1 4746
0
1 4020
1 3869
0
1 6147
1 5140
0
0
1 2220
0
0
4 955 7466 7676 7902
0
0
0
0
0
1 7091
0
0
0
0
1 4947
0
2 1770 1806
1 830
0
0
1 2122
0
1 1615
0
1 6728
0
1 7061
0
0
0
2 5515 5580
1 371
1 5233
0
0
2 1146 4096
2 2405 7903
0
0
0
0
0
0
0
0
0
0
0
2 5593 7431
2 5809 6184
0
1 1792
0
0
6 1000 1870 2013 2157 2407 3594
0
0
0
0
0
0
0
0
1 496
2 2884 6586
2 5827 7340
1 2196
0
0
6 3254 3274 3491 5916 6141 7597
0
0
0
0
0
0
0
0
0
0
0
4 3376 4339 5577 5958
0
0
0
2 4808 7152
2 5941 6359
0
1 6230
1 5035
0
0
0
1 4022
1 1360
2 3616 4979
1 1264
0
1 6911
2 68 211
0
0
0
0
0
0
0
0
0
0
1 7478
0
1 7459
0
4 3728 4313 5475 6295
0
0
0
0
1 3585
1 2092
0
0
1 6116
1 1443
1 5435
0
0
0
2 2181 6315
2 940 6995
1 2783
0
0
0
0
0
2 3145 3297
0
0
0
0
0
0
0
0
5 276 465 561 954 2536
0
0
0
1 5609
0
1 4940
0
0
0
0
0
0
0
0
0
0
0
0
0
0
1 165
0
0
0
0
0
1 6530
0
0
0
0
0
1 3797
1 5929
0
0
0
0
0
0
0
0
0
0
0
0
0
0
1 5215
2 859 1056
0
0
0
1 4886
0
0
0
0
0
0
1 7261
0
0
0
2 2236 6198
0
4 468 804 1484 7379
0
0
0
0
0
0
0
0
0
0
0
0
0
0
0
0
0
0
0
0
0
0
0
0
1 1769
0
0
0
0
0
0
0
1 6791
0
0
0
0
0
0
0
1 5786
0
0
1 5398
0
2 2186 3068
1 6495
2 1703 2709
0
0
0
1 2271
0
0
0
0
0
0
0
0
4 3794 4506 6022 7582
0
0
0
0
1 1319
0
1 3291
0
0
1 5535
3 2132 2629 2771
0
1 7549
0
1 746
1 272
0
4 1675 2638 6919 7844
0
0
0
0
0
0
0
0
0
1 7011
0
0
0
0
0
1 4737
0
0
0
0
0
1 6398
0
1 1876
0
0
0
1 5716
2 3074 5402
0
5 584 617 3061 4719 5371
0
0
0
2 1964 7966
1 2011
0
0
1 7500
0
0
0
0
0
0
1 6656
1 1927
0
0
0
0
0
0
0
1 7488
1 1845
3 856 1491 2973
0
0
0
0
0
0
0
0
0
1 7531
0
2 2435 2477
1 4591
0
0
2 1022 7754
0
0
0
1 6028
0
2 1546 3140
0
0
1 1878
0
0
1 5949
0
0
5 876 1737 2560 5554 6372
1 1985
0
0
1 1635
0
0
1 3855
0
1 7520
0
1 6289
0
1 6893
0
2 6899 7044
0
0
1 7368
0
2 2183 7296
0
1 207
4 255 540 1274 1401
1 1683
0
0
0
0
1 5907
1 437
0
0
0
1 2685
0
2 4239 5445
0
0
1 4568
1 6849
0
0
0
0
0
0
0
0
0
0
0
0
1 479
0
0
2 5418 6288
0
0
1 3430
0
0
0
1 7073
0
1 133
1 3
0
0
0
0
0
1 4480
3 2368 2693 7314
5 329 389 5021 6484 7454
0
1 7
0
0
0
0
0
0
0
0
0
0
0
0
0
2 61 6153
2 1354 2234
1 858
2 1709 3481
0
1 1613
12 8 38 69 137 270 556 1386 1984 3182 3218 3655 7218
0
0
0
1 3554
2 919 920
0
3 180 1187 5629
2 104 4012
2 2 6912
0
0
0
2 700 4815
0
0
0
0
0
0
0
1 2752
0
0
0
0
1 3961
0
0
0
0
4 2304 2434 2627 2896
0
0
0
1 5231
0
0
2 5404 6185
0
0
0
0
2 1398 1553
0
0
0
0
0
0
2 5067 7004
0
0
1 5249
0
0
1 7517
0
0
0
0
0
0
6 2908 2928 2998 3084 3309 4713
0
0
0
0
0
0
0
1 5932
0
0
0
0
0
0
0
0
0
9 1831 1897 2156 2917 3546 3737 3911 6200 7796
0
0
0
0
1 3898
0
0
0
0
0
0
0
9 382 593 1271 1395 2273 5153 5313 5547 6961
0
0
0
0
0
19 542 743 1003 1240 1295 1969 1988 2055 2158 2553 2577 3328 3815 3907 3984 4298 4858 6901 6927
3 1689 7249 7450
0
0
0
1 3264
1 5028
0
3 2362 2711 3688
0
0
0
1 2288
0
2 1053 1382
0
1 1410
1 6227
0
0
0
0
0
0
1 1336
0
0
0
0
0
0
0
3 2293 3530 3874
0
0
0
0
0
0
0
1 5909
0
0
0
1 6100
0
0
0
2 7351 7599
3 220 290 842
0
0
0
0
0
0
0
0
1 564
0
0
0
1 3198
2 6201 6240
0
0
0
0
0
0
0
0
0
0
1 7150
0
0
0
0
0
1 6889
0
0
0
0
0
0
0
0
0
1 6817
0
1 1148
0
0
3 5649 5951 7883
5 1127 1338 1420 2258 3433
0
2 4045 4365
0
1 7885
1 7576
0
12 807 927 1242 1745 2152 2172 3117 3187 3195 3263 5473 7392
0
0
1 4135
0
1 7305
0
0
3 4362 6264 6333
0
0
0
0
0
0
4 427 1882 1894 2173
0
1 6731
1 5864
0
4 589 643 1810 1981
1 1522
0
1 4136
0
0
0
0
1 1656
0
0
0
0
0
0
0
0
0
2 2565 4311
0
0
1 1500
0
1 6689
0
0
0
0
0
0
0
0
1 4604
0
0
0
0
0
0
0
0
0
0
0
0
0
0
0
0
1 5284
0
0
0
0
0
1 4697
1 5263
0
0
0
0
0
0
0
7 607 703 1059 1138 1807 2050 2895
0
0
0
1 6442
0
0
0
1 1118
1 1711
2 6188 7229
0
0
1 5347
1 7290
0
0
0
1 7828
0
0
0
0
1 3786
0
0
0
0
2 943 1494
0
1 942
0
0
0
0
0
0
7 2427 2975 3318 3999 5627 6002 6752
0
0
0
0
0
0
0
0
0
0
0
1 2179
0
0
2 1248 4166
0
0
0
0
1 5927
1 3128
0
0
0
1 766
4 1696 1902 4129 5163
0
0
1 6930
0
2 5201 5785
0
0
0
0
3 647 3744 4221
1 3473
0
1 7968
0
0
0
0
0
0
0
0
0
0
1 1154
1 3017
0
2 810 912
0
0
0
1 7773
0
0
1 5674
0
0
0
0
1 5247
1 7443
0
0
0
0
0
0
0
0
0
0
0
0
0
1 5518
0
1 3547
0
0
0
0
0
0
1 923
0
1 2695
0
0
1 635
0
0
0
2 4603 6898
0
2 6329 6823
0
0
0
1 7884
0
0
0
0
0
0
0
7 4368 5448 5635 5896 7122 7349 7483
0
0
0
0
0
0
0
0
0
0
0
0
4 154 1243 4881 7689
0
4 482 909 1074 1564
0
0
0
0
0
0
0
0
0
0
0
1 4621
0
0
0
0
0
0
0
0
0
1 7811
0
0
0
0
0
0
0
0
0
0
1 4826
0
1 6904
1 6476
1 5079
2 2698 3577
0
2 1670 2320
1 5852
0
1 3083
0
0
0
0
1 7886
0
0
0
0
0
0
0
0
0
1 5884
0
3 662 1373 5892
1 4460
0
0
0
1 2048
0
0
0
1 3790
1 1923
0
0
0
0
0
1 7176
0
3 3947 7219 7724
0
1 1446
0
0
0
1 5655
0
0
0
1 7847
0
0
0
0
0
0
0
0
0
0
0
0
0
0
4 529 1229 1734 4501
0
0
0
0
0
0
0
1 2195
0
0
0
0
0
0
1 7848
1 3300
0
0
0
0
1 3753
1 3768
0
0
1 186
0
0
0
0
0
0
0
0
0
0
0
1 5718
0
1 5746
0
0
0
0
5 579 610 1225 1406 6239
1 4042
0
0
0
0
1 7830
0
0
0
0
0
1 4952
1 5521
0
0
1 903
0
0
0
0
0
1 4671
0
0
0
3 2906 3662 4287
0
2 2139 5162
0
0
0
0
0
0
0
0
0
0
0
1 5856
0
0
0
0
0
0
0
1 6951
0
4 212 317 380 517
8 59 577 639 970 1630 1945 4144 7923
0
0
0
0
0
0
5 4335 4349 4352 4378 4510
1 6088
0
16 143 187 230 416 808 815 1178 1586 2005 2542 3075 3081 4732 5605 6626 6682
0
2 931 1743
3 962 2151 4301
21 671 689 735 794 1065 1079 1093 1171 1304 3394 3714 3929 3980 4095 4142 4246 4485 4702 5122 5545 7536
0
1 5991
0
0
0
0
0
0
0
0
0
3 11 249 4210
1 384
0
0
0
0
0
1 5350
0
0
1 5769
0
0
0
0
1 6942
1 114
1 5260
0
0
0
1 4955
1 6133
0
0
0
0
0
0
5 438 611 2163 2391 2671
0
0
0
0
2 966 3265
0
2 2374 2404
1 1311
0
0
0
0
0
0
0
0
0
0
1 7241
0
0
2 5224 6796
0
0
1 1236
1 1145
2 1378 1849
0
0
0
0
0
0
0
0
0
0
0
0
0
0
0
0
0
1 1035
0
0
1 4573
0
0
0
0
2 6023 7857
1 5834
0
0
0
1 3053
0
1 6422
0
0
0
1 5546
0
0
0
0
0
0
0
0
0
0
1 1208
0
0
0
2 7312 7950
1 5460
0
0
0
1 3240
0
0
0
1 6376
0
0
1 6806
0
0
0
1 6722
0
0
0
1 2823
0
0
2 4419 6416
0
0
0
0
1 5853
1 4996
0
0
0
0
0
0
0
0
3 2294 6525 7802
3 1974 4276 6644
0
0
1 7594
1 7265
0
0
2 5840 7695
0
0
0
0
0
0
0
1 4255
0
0
0
0
2 2071 3390
4 740 1416 2124 6258
0
1 7865
0
0
0
0
0
5 963 1108 1320 3544 4867
0
0
0
0
0
0
4 3268 4307 4496 5526
0
0
0
1 1525
0
0
0
1 3175
0
0
0
0
0
0
0
1 2153
0
1 6585
0
0
0
1 2228
0
0
0
0
0
0
0
0
0
0
0
0
0
1 5006
0
1 6621
0
0
0
2 5236 7820
0
0
0
0
0
3 1055 2168 4783
0
0
3 4781 5975 6175
0
0
1 5557
0
0
1 5634
0
0
0
0
0
0
0
0
0
1 7518
0
0
1 6448
1 4715
1 784
0
0
0
0
1 7665
0
1 4683
0
0
0
0
0
0
0
0
0
0
6 451 661 686 1071 2652 4712
1 2334
0
0
0
0
0
0
0
0
2 1912 7669
0
1 2487
0
0
1 6212
3 1412 2513 5877
3 27 1519 7970
1 2035
0
0
1 7545
0
0
1 6192
0
0
0
0
0
0
0
0
1 4981
0
0
0
0
1 5650
0
1 7683
0
0
0
0
1 6855
0
1 3147
1 3470
0
0
0
0
0
1 1983
0
0
0
0
0
0
0
0
0
2 2331 3838
0
0
0
1 5394
1 6466
1 6483
0
0
0
0
0
0
0
0
2 5213 6908
0
0
0
0
1 1095
0
0
0
1 3513
3 623 1321 1627
0
0
0
2 738 880
0
0
0
0
0
0
1 3877
0
0
0
1 6753
0
0
0
1 3439
0
1 5223
0
0
0
1 4764
0
3 3326 4602 5167
3 5227 6813 6918
0
0
0
0
0
0
0
1 1409
0
2 4244 5305
0
0
0
0
1 4714
0
0
0
0
0
0
0
0
0
1 5472
0
0
0
0
0
0
0
1 6982
0
0
0
0
0
0
0
0
4 968 1340 3589 7410
0
0
0
0
2 197 458
1 7690
0
1 1481
0
0
0
0
0
1 2425
2 845 4212
0
0
1 1418
0
2 3557 4770
0
2 1393 6408
0
1 4010
0
0
1 7297
0
1 6054
1 6784
0
0
0
0
0
0
0
1 2068
0
0
1 3200
1 7503
1 7705
0
0
1 2267
3 3904 6138 6540
0
0
1 3538
2 674 2141
1 7583
0
0
0
0
1 7242
0
0
1 7661
0
0
0
0
0
0
0
1 5455
1 6839
0
0
0
1 1571
1 7662
1 7160
0
1 4050
0
0
1 4766
0
0
0
1 3179
0
3 5078 6978 7947
1 2922
0
0
1 6419
0
0
2 3099 7725
0
0
0
1 7513
0
0
0
0
3 1662 3317 3701
0
0
1 4673
0
1 5330
0
0
2 360 492
1 3162
0
0
0
1 7647
1 2309
0
0
0
0
0
0
0
3 1587 2710 7763
0
0
0
1 720
0
0
0
0
1 5240
0
0
0
1 5253
3 4364 4442 4893
0
0
0
0
0
0
0
0
0
0
0
1 4622
0
0
0
0
0
0
1 4679
0
0
3 399 404 2805
0
1 7081
0
0
0
1 6440
0
0
1 5134
0
0
0
0
1 886
0
0
0
1 1692
2 3743 4662
0
1 5835
0
0
1 5600
1 7162
0
0
1 5124
1 2576
0
0
0
0
1 5974
0
1 4327
1 7898
0
0
1 5384
1 80
1 1903
0
1 5662
0
0
0
0
0
0
1 306
1 5638
1 7779
0
0
0
1 5064
0
1 5865
0
1 7506
2 959 2941
1 1669
0
0
1 7568
0
0
0
0
3 5365 5988 7917
8 132 1376 2112 3125 5406 6480 7003 7182
0
4 535 2387 4704 7018
0
1 7259
0
0
1 1278
0
1 6106
0
0
0
0
0
0
0
0
0
0
0
0
0
0
1 3912
0
0
0
0
0
0
0
1 736
0
0
0
0
0
1 142
4 2206 2315 4954 5084
0
0
0
0
0
2 1712 5337
2 2724 4607
11 701 847 879 1707 2592 2683 3130 3258 3288 3503 6145
0
0
0
0
0
1 7248
0
1 6128
0
0
0
0
0
1 7780
0
1 6887
1 4102
0
0
0
1 3788
0
0
0
1 5171
0
1 5482
0
0
2 754 948
0
0
0
0
1 5307
0
0
0
0
1 4108
2 2637 2971
0
0
0
1 7339
0
0
0
1 7840
0
1 7706
0
1 1744
0
0
0
0
0
0
2 1339 6882
0
1 2433
0
0
0
0
0
0
2 3704 4234
0
0
0
0
0
1 4319
0
0
0
0
1 3981
0
0
0
2 2886 5293
0
0
0
1 4806
0
0
0
0
0
0
1 3224
0
2 7460 7945
1 3823
0
0
0
1 2375
1 4502
0
0
1 5651
1 7700
0
0
0
0
1 3028
0
0
0
1 6009
0
0
0
0
0
0
0
0
0
0
0
0
0
0
